
mcc,mnc,lac,cellid,lat,lon,signal,measured_at,rating,speed,direction,act,ta,psc,tac,pci,sid,nid,bid
310,410,5124,167172104,38.7590531,-77.5256446,-95,1763347401694,6.0,6.385646E-8,-2000.0,LTE,20,,5124,330,,,
310,410,5124,167172104,38.7590531,-77.5256446,-94,1763347406692,6.1,3.5808096E-11,-2000.0,LTE,20,,5124,330,,,
310,410,5124,167172104,38.7590531,-77.5256446,-94,1763347411695,6.0,2.1095596E-14,-2000.0,LTE,20,,5124,330,,,
310,410,5124,167172104,38.7590531,-77.5256446,-94,1763347413700,6.1,2.4178666E-15,-2000.0,LTE,20,,5124,330,,,
310,410,5124,167172104,38.7590531,-77.5256446,-95,1763347416700,6.1,3.2502748E-16,-2000.0,LTE,20,,5124,330,,,
310,410,5124,167172104,38.7590531,-77.5256446,-95,1763347418701,6.0,3.2502748E-16,-2000.0,LTE,20,,5124,330,,,
310,410,5124,167172104,38.7590531,-77.5256446,-95,1763347421692,7.0,3.2502748E-16,-2000.0,LTE,20,,5124,330,,,
310,410,5124,167172104,38.7590531,-77.5256446,-95,1763347423688,7.3,3.2502748E-16,-2000.0,LTE,20,,5124,330,,,
310,410,5124,167172104,38.7590531,-77.5256446,-95,1763347426687,6.7,3.2502748E-16,-2000.0,LTE,20,,5124,330,,,
310,410,5124,167172104,38.7590531,-77.5256446,-95,1763347428683,6.1,3.2502748E-16,-2000.0,LTE,20,,5124,330,,,
310,410,5124,167172104,38.7590531,-77.5256446,-95,1763347431686,6.1,3.2502748E-16,-2000.0,LTE,20,,5124,330,,,
310,410,5124,167172104,38.7590531,-77.5256446,-95,1763347433695,6.0,3.2502748E-16,-2000.0,LTE,20,,5124,330,,,
310,410,5124,167172104,38.7590531,-77.5256446,-95,1763347436687,6.1,3.2502748E-16,-2000.0,LTE,20,,5124,330,,,
310,410,5124,167172104,38.7590531,-77.5256446,-95,1763347438684,6.1,3.2502748E-16,-2000.0,LTE,20,,5124,330,,,
310,410,5124,167172104,38.7590531,-77.5256446,-94,1763347441680,6.0,3.2502748E-16,-2000.0,LTE,20,,5124,330,,,
310,410,5124,167172104,38.7590531,-77.5256446,-94,1763347443701,6.0,3.2502748E-16,-2000.0,LTE,20,,5124,330,,,
310,410,5124,167172104,38.7590531,-77.5256446,-94,1763347446702,6.0,3.2502748E-16,-2000.0,LTE,20,,5124,330,,,
310,410,5124,167172104,38.7590531,-77.5256446,-94,1763347448694,6.0,3.2502748E-16,-2000.0,LTE,20,,5124,330,,,
310,410,5124,167172104,38.7590531,-77.5256446,-94,1763347451695,6.5,3.2502748E-16,-2000.0,LTE,20,,5124,330,,,
310,410,5124,167172104,38.7589593,-77.5257704,-94,1763347541865,21.1,-2000.0,-2000.0,LTE,20,,5124,330,,,
310,410,5124,167172104,38.7589593,-77.5257704,-94,1763347541865,21.1,-2000.0,-2000.0,LTE,20,,5124,330,,,
310,410,5124,167172104,38.7591108,-77.5255591,-94,1763347546990,4.8,0.99067384,330.91766,LTE,20,,5124,330,,,
310,410,5124,167172104,38.7591108,-77.5255591,-94,1763347546990,4.8,0.99067384,330.91766,LTE,20,,5124,330,,,
310,410,5124,167172104,38.7590363,-77.5255987,-94,1763347551643,16.0,1.7891386,233.2757,LTE,20,,5124,330,,,
310,410,5124,167172104,38.7590363,-77.5255987,-94,1763347551643,16.0,1.7891386,233.2757,LTE,20,,5124,330,,,
310,410,5124,167172104,38.7590421,-77.5256074,-94,1763347556698,9.6,0.025807807,-2000.0,LTE,20,,5124,330,,,
310,410,5124,167172104,38.7590421,-77.5256074,-94,1763347556698,9.6,0.025807807,-2000.0,LTE,20,,5124,330,,,
310,410,5124,167172104,38.7590418,-77.5256086,-94,1763347561696,9.7,0.012851402,-2000.0,LTE,20,,5124,330,,,
310,410,5124,167172104,38.7590418,-77.5256086,-94,1763347561696,9.7,0.012851402,-2000.0,LTE,20,,5124,330,,,
310,410,5124,167172104,38.7590417,-77.5256089,-94,1763347566690,7.2,0.0065066456,-2000.0,LTE,20,,5124,330,,,
310,410,5124,167172104,38.7590417,-77.5256089,-94,1763347566690,7.2,0.0065066456,-2000.0,LTE,20,,5124,330,,,
310,410,5124,167172104,38.7590409,-77.525609,-94,1763347571703,6.0,0.016070962,-2000.0,LTE,20,,5124,330,,,
310,410,5124,167172104,38.7590409,-77.525609,-94,1763347571703,6.0,0.016070962,-2000.0,LTE,20,,5124,330,,,
310,410,5124,167172104,38.7590409,-77.525609,-94,1763347576701,6.2,5.5608758E-5,-2000.0,LTE,20,,5124,330,,,
310,410,5124,167172104,38.7590409,-77.525609,-94,1763347576701,6.2,5.5608758E-5,-2000.0,LTE,20,,5124,330,,,
310,410,5124,167172104,38.7590409,-77.525609,-94,1763347581698,9.6,2.1051592E-7,-2000.0,LTE,20,,5124,330,,,
310,410,5124,167172104,38.7590409,-77.525609,-94,1763347581698,9.6,2.1051592E-7,-2000.0,LTE,20,,5124,330,,,
310,410,5124,167172104,38.758965,-77.525761,-106,1763347770723,25.3,-2000.0,-2000.0,LTE,20,,5124,330,,,
310,410,5124,167172104,38.758965,-77.525761,-106,1763347770723,25.3,-2000.0,-2000.0,LTE,20,,5124,330,,,
310,410,5124,167172104,38.7591095,-77.5255867,-99,1763347775724,8.7,6.3941445,38.32003,LTE,20,,5124,330,,,
310,410,5124,167172104,38.7591095,-77.5255867,-99,1763347775724,8.7,6.3941445,38.32003,LTE,20,,5124,330,,,
310,410,5124,167172104,38.7591116,-77.5256086,-99,1763347780787,10.4,0.53671795,254.30702,LTE,20,,5124,330,,,
310,410,5124,167172104,38.7591116,-77.5256086,-99,1763347780787,10.4,0.53671795,254.30702,LTE,20,,5124,330,,,
310,410,5124,167172104,38.7590901,-77.5256537,-98,1763347785665,9.7,1.3760381,239.53383,LTE,20,,5124,330,,,
310,410,5124,167172104,38.7590901,-77.5256537,-98,1763347785665,9.7,1.3760381,239.53383,LTE,20,,5124,330,,,
310,410,5124,167172104,38.7590944,-77.5256695,-98,1763347790688,10.6,0.17330489,307.57724,LTE,20,,5124,330,,,
310,410,5124,167172104,38.7590944,-77.5256695,-98,1763347790688,10.6,0.17330489,307.57724,LTE,20,,5124,330,,,
310,410,5124,167172104,38.759102,-77.5256684,-97,1763347795695,8.0,0.14052002,53.0904,LTE,20,,5124,330,,,
310,410,5124,167172104,38.759102,-77.5256684,-97,1763347795695,8.0,0.14052002,53.0904,LTE,20,,5124,330,,,
310,410,5124,167172104,38.759091,-77.5256727,-97,1763347800691,9.6,0.34499446,183.07104,LTE,20,,5124,330,,,
310,410,5124,167172104,38.759091,-77.5256727,-97,1763347800691,9.6,0.34499446,183.07104,LTE,20,,5124,330,,,
310,410,5124,167172104,38.7590863,-77.5256719,-98,1763347805693,8.9,0.27312022,174.71881,LTE,20,,5124,330,,,
310,410,5124,167172104,38.7590863,-77.5256719,-98,1763347805693,8.9,0.27312022,174.71881,LTE,20,,5124,330,,,
310,410,5124,167172104,38.7590857,-77.5256718,-100,1763347810692,8.0,0.0012416085,-2000.0,LTE,20,,5124,330,,,
310,410,5124,167172104,38.7590857,-77.5256718,-100,1763347810692,8.0,0.0012416085,-2000.0,LTE,20,,5124,330,,,
310,410,5124,167172104,38.7590783,-77.5256746,-101,1763347815697,11.2,0.07730116,-2000.0,LTE,20,,5124,330,,,
310,410,5124,167172104,38.7590783,-77.5256746,-101,1763347815697,11.2,0.07730116,-2000.0,LTE,20,,5124,330,,,
310,410,5124,167172104,38.7590785,-77.5256729,-104,1763347820694,6.9,0.060004987,-2000.0,LTE,20,,5124,330,,,
310,410,5124,167172104,38.7590785,-77.5256729,-104,1763347820694,6.9,0.060004987,-2000.0,LTE,20,,5124,330,,,
310,410,5124,167172104,38.7590783,-77.5256709,-104,1763347825694,5.5,0.05891059,-2000.0,LTE,20,,5124,330,,,
310,410,5124,167172104,38.7590783,-77.5256709,-104,1763347825694,5.5,0.05891059,-2000.0,LTE,20,,5124,330,,,
310,410,5124,167172104,38.7590852,-77.5256721,-104,1763347830690,6.0,0.11499759,358.73795,LTE,20,,5124,330,,,
310,410,5124,167172104,38.7590852,-77.5256721,-104,1763347830690,6.0,0.11499759,358.73795,LTE,20,,5124,330,,,
310,410,5124,167172104,38.7590857,-77.5256718,-104,1763347835698,8.6,7.9483335E-4,-2000.0,LTE,20,,5124,330,,,
310,410,5124,167172104,38.7590857,-77.5256718,-104,1763347835698,8.6,7.9483335E-4,-2000.0,LTE,20,,5124,330,,,
310,410,5124,167172104,38.7590857,-77.5256718,-104,1763347840702,8.0,7.344534E-6,-2000.0,LTE,20,,5124,330,,,
310,410,5124,167172104,38.7590857,-77.5256718,-104,1763347840702,8.0,7.344534E-6,-2000.0,LTE,20,,5124,330,,,
310,410,5124,167172104,38.7590857,-77.5256718,-104,1763347845692,8.0,2.9100388E-8,-2000.0,LTE,20,,5124,330,,,
310,410,5124,167172104,38.7590857,-77.5256718,-104,1763347845692,8.0,2.9100388E-8,-2000.0,LTE,20,,5124,330,,,
310,410,5124,167172104,38.7590857,-77.5256718,-104,1763347850356,10.2,1.5770833E-10,-2000.0,LTE,20,,5124,330,,,
310,410,5124,167172104,38.7590857,-77.5256718,-104,1763347850356,10.2,1.5770833E-10,-2000.0,LTE,20,,5124,330,,,
310,410,5124,167172104,38.7590857,-77.5256718,-105,1763347855710,8.0,7.091536E-13,-2000.0,LTE,20,,5124,330,,,
310,410,5124,167172104,38.7590857,-77.5256718,-105,1763347855710,8.0,7.091536E-13,-2000.0,LTE,20,,5124,330,,,
310,410,5124,167172104,38.7590857,-77.5256718,-105,1763347860698,9.1,6.0849458E-15,-2000.0,LTE,20,,5124,330,,,
310,410,5124,167172104,38.7590857,-77.5256718,-105,1763347860698,9.1,6.0849458E-15,-2000.0,LTE,20,,5124,330,,,
310,410,5124,167172104,38.7590857,-77.5256718,-103,1763347865697,8.0,6.534104E-16,-2000.0,LTE,20,,5124,330,,,
310,410,5124,167172104,38.7590857,-77.5256718,-103,1763347865697,8.0,6.534104E-16,-2000.0,LTE,20,,5124,330,,,
310,410,5124,167172104,38.7590857,-77.5256718,-103,1763347870694,8.5,6.534104E-16,-2000.0,LTE,20,,5124,330,,,
310,410,5124,167172104,38.7590857,-77.5256718,-103,1763347870694,8.5,6.534104E-16,-2000.0,LTE,20,,5124,330,,,
310,410,5124,167172104,38.7590857,-77.5256718,-103,1763347875699,10.9,6.534104E-16,-2000.0,LTE,20,,5124,330,,,
310,410,5124,167172104,38.7590857,-77.5256718,-103,1763347875699,10.9,6.534104E-16,-2000.0,LTE,20,,5124,330,,,
310,410,5124,167172104,38.7590857,-77.5256718,-102,1763347880705,8.0,6.534104E-16,-2000.0,LTE,20,,5124,330,,,
310,410,5124,167172104,38.7590857,-77.5256718,-102,1763347880705,8.0,6.534104E-16,-2000.0,LTE,20,,5124,330,,,
310,410,5124,167172104,38.7590857,-77.5256718,-100,1763347885703,9.8,6.534104E-16,-2000.0,LTE,20,,5124,330,,,
310,410,5124,167172104,38.7590857,-77.5256718,-100,1763347885703,9.8,6.534104E-16,-2000.0,LTE,20,,5124,330,,,
310,410,5124,167172104,38.7590857,-77.5256718,-100,1763347890698,9.0,6.534104E-16,-2000.0,LTE,20,,5124,330,,,
310,410,5124,167172104,38.7590857,-77.5256718,-100,1763347890698,9.0,6.534104E-16,-2000.0,LTE,20,,5124,330,,,
310,410,5124,167172104,38.7590857,-77.5256718,-100,1763347895695,8.4,6.534104E-16,-2000.0,LTE,20,,5124,330,,,
310,410,5124,167172104,38.7590857,-77.5256718,-100,1763347895695,8.4,6.534104E-16,-2000.0,LTE,20,,5124,330,,,
310,410,5124,167172104,38.7590857,-77.5256718,-100,1763347900721,8.0,6.534104E-16,-2000.0,LTE,20,,5124,330,,,
310,410,5124,167172104,38.7590857,-77.5256718,-100,1763347900721,8.0,6.534104E-16,-2000.0,LTE,20,,5124,330,,,
310,410,5124,167172104,38.7590857,-77.5256718,-100,1763347905695,8.0,6.534104E-16,-2000.0,LTE,20,,5124,330,,,
310,410,5124,167172104,38.7590857,-77.5256718,-100,1763347905695,8.0,6.534104E-16,-2000.0,LTE,20,,5124,330,,,
310,410,5124,167172104,38.7590857,-77.5256718,-100,1763347910687,8.0,6.534104E-16,-2000.0,LTE,20,,5124,330,,,
310,410,5124,167172104,38.7590857,-77.5256718,-100,1763347910687,8.0,6.534104E-16,-2000.0,LTE,20,,5124,330,,,
310,410,5124,167172104,38.7590857,-77.5256718,-104,1763347915379,10.3,6.534104E-16,-2000.0,LTE,20,,5124,330,,,
310,410,5124,167172104,38.7590857,-77.5256718,-104,1763347915379,10.3,6.534104E-16,-2000.0,LTE,20,,5124,330,,,
310,410,5124,167172104,38.7590857,-77.5256718,-104,1763347920692,8.0,6.534104E-16,-2000.0,LTE,20,,5124,330,,,
310,410,5124,167172104,38.7590857,-77.5256718,-104,1763347920692,8.0,6.534104E-16,-2000.0,LTE,20,,5124,330,,,
310,410,5124,167172104,38.7590857,-77.5256718,-106,1763347925704,9.6,6.534104E-16,-2000.0,LTE,20,,5124,330,,,
310,410,5124,167172104,38.7590857,-77.5256718,-106,1763347925704,9.6,6.534104E-16,-2000.0,LTE,20,,5124,330,,,
310,410,5124,167172104,38.7590857,-77.5256718,-106,1763347930700,8.0,6.534104E-16,-2000.0,LTE,20,,5124,330,,,
310,410,5124,167172104,38.7590857,-77.5256718,-106,1763347930700,8.0,6.534104E-16,-2000.0,LTE,20,,5124,330,,,
310,410,5124,167172104,38.7590857,-77.5256718,-106,1763347935693,8.5,6.534104E-16,-2000.0,LTE,20,,5124,330,,,
310,410,5124,167172104,38.7590857,-77.5256718,-106,1763347935693,8.5,6.534104E-16,-2000.0,LTE,20,,5124,330,,,
310,410,5124,167172104,38.7590857,-77.5256718,-106,1763347940693,10.5,6.534104E-16,-2000.0,LTE,20,,5124,330,,,
310,410,5124,167172104,38.7590857,-77.5256718,-106,1763347940693,10.5,6.534104E-16,-2000.0,LTE,20,,5124,330,,,
310,410,5124,167172104,38.7590857,-77.5256718,-108,1763347945699,6.8,6.534104E-16,-2000.0,LTE,20,,5124,330,,,
310,410,5124,167172104,38.7590857,-77.5256718,-108,1763347945699,6.8,6.534104E-16,-2000.0,LTE,20,,5124,330,,,
310,410,5124,167172104,38.7590857,-77.5256718,-108,1763347950698,7.7,6.534104E-16,-2000.0,LTE,20,,5124,330,,,
310,410,5124,167172104,38.7590857,-77.5256718,-108,1763347950698,7.7,6.534104E-16,-2000.0,LTE,20,,5124,330,,,
310,410,5124,167172104,38.7590857,-77.5256718,-108,1763347955699,6.9,6.534104E-16,-2000.0,LTE,20,,5124,330,,,
310,410,5124,167172104,38.7590857,-77.5256718,-108,1763347955699,6.9,6.534104E-16,-2000.0,LTE,20,,5124,330,,,
310,410,5124,167172104,38.7590857,-77.5256718,-108,1763347960690,6.0,6.534104E-16,-2000.0,LTE,20,,5124,330,,,
310,410,5124,167172104,38.7590857,-77.5256718,-108,1763347960690,6.0,6.534104E-16,-2000.0,LTE,20,,5124,330,,,
310,410,5124,167172104,38.7590857,-77.5256718,-108,1763347965697,6.1,6.534104E-16,-2000.0,LTE,20,,5124,330,,,
310,410,5124,167172104,38.7590857,-77.5256718,-108,1763347965697,6.1,6.534104E-16,-2000.0,LTE,20,,5124,330,,,
310,410,5124,167172104,38.7590857,-77.5256718,-108,1763347970699,8.4,6.534104E-16,-2000.0,LTE,20,,5124,330,,,
310,410,5124,167172104,38.7590857,-77.5256718,-108,1763347970699,8.4,6.534104E-16,-2000.0,LTE,20,,5124,330,,,
310,410,5124,167172104,38.7590857,-77.5256718,-108,1763347975700,6.0,6.534104E-16,-2000.0,LTE,20,,5124,330,,,
310,410,5124,167172104,38.7590857,-77.5256718,-108,1763347975700,6.0,6.534104E-16,-2000.0,LTE,20,,5124,330,,,
310,410,5124,167172104,38.7590857,-77.5256718,-108,1763347980689,7.5,6.534104E-16,-2000.0,LTE,20,,5124,330,,,
310,410,5124,167172104,38.7590857,-77.5256718,-108,1763347980689,7.5,6.534104E-16,-2000.0,LTE,20,,5124,330,,,
310,410,5124,167172104,38.7590857,-77.5256718,-108,1763347985697,6.9,6.534104E-16,-2000.0,LTE,20,,5124,330,,,
310,410,5124,167172104,38.7590857,-77.5256718,-108,1763347985697,6.9,6.534104E-16,-2000.0,LTE,20,,5124,330,,,
310,410,5124,167172104,38.7590857,-77.5256718,-108,1763347990693,6.0,6.534104E-16,-2000.0,LTE,20,,5124,330,,,
310,410,5124,167172104,38.7590857,-77.5256718,-108,1763347990693,6.0,6.534104E-16,-2000.0,LTE,20,,5124,330,,,
310,410,5124,167172104,38.7590857,-77.5256718,-108,1763347995701,6.0,6.534104E-16,-2000.0,LTE,20,,5124,330,,,
310,410,5124,167172104,38.7590857,-77.5256718,-108,1763347995701,6.0,6.534104E-16,-2000.0,LTE,20,,5124,330,,,
310,410,5124,167172104,38.7590857,-77.5256718,-108,1763348000376,8.3,6.534104E-16,-2000.0,LTE,20,,5124,330,,,
310,410,5124,167172104,38.7590857,-77.5256718,-108,1763348000376,8.3,6.534104E-16,-2000.0,LTE,20,,5124,330,,,
310,410,5124,167172104,38.7590857,-77.5256718,-108,1763348005683,7.0,6.534104E-16,-2000.0,LTE,20,,5124,330,,,
310,410,5124,167172104,38.7590857,-77.5256718,-108,1763348005683,7.0,6.534104E-16,-2000.0,LTE,20,,5124,330,,,
310,410,5124,167172104,38.7590857,-77.5256718,-108,1763348010695,9.5,6.534104E-16,-2000.0,LTE,20,,5124,330,,,
310,410,5124,167172104,38.7590857,-77.5256718,-108,1763348010695,9.5,6.534104E-16,-2000.0,LTE,20,,5124,330,,,
310,410,5124,167172104,38.7590857,-77.5256718,-108,1763348015698,6.0,6.534104E-16,-2000.0,LTE,20,,5124,330,,,
310,410,5124,167172104,38.7590857,-77.5256718,-108,1763348015698,6.0,6.534104E-16,-2000.0,LTE,20,,5124,330,,,
310,410,5124,167172104,38.7590857,-77.5256718,-108,1763348020697,6.6,6.534104E-16,-2000.0,LTE,20,,5124,330,,,
310,410,5124,167172104,38.7590857,-77.5256718,-108,1763348020697,6.6,6.534104E-16,-2000.0,LTE,20,,5124,330,,,
310,410,5124,167172104,38.7590857,-77.5256718,-108,1763348025707,7.2,6.534104E-16,-2000.0,LTE,20,,5124,330,,,
310,410,5124,167172104,38.7590857,-77.5256718,-108,1763348025707,7.2,6.534104E-16,-2000.0,LTE,20,,5124,330,,,
310,410,5124,167172104,38.7590857,-77.5256718,-108,1763348030694,6.7,6.534104E-16,-2000.0,LTE,20,,5124,330,,,
310,410,5124,167172104,38.7590857,-77.5256718,-108,1763348030694,6.7,6.534104E-16,-2000.0,LTE,20,,5124,330,,,
310,410,5124,167172104,38.7590857,-77.5256718,-108,1763348035694,8.0,6.534104E-16,-2000.0,LTE,20,,5124,330,,,
310,410,5124,167172104,38.7590857,-77.5256718,-108,1763348035694,8.0,6.534104E-16,-2000.0,LTE,20,,5124,330,,,
310,410,5124,167172104,38.7590857,-77.5256718,-108,1763348040702,7.4,6.534104E-16,-2000.0,LTE,20,,5124,330,,,
310,410,5124,167172104,38.7590857,-77.5256718,-108,1763348040702,7.4,6.534104E-16,-2000.0,LTE,20,,5124,330,,,
310,410,5124,167172104,38.7590857,-77.5256718,-108,1763348045702,6.0,6.534104E-16,-2000.0,LTE,20,,5124,330,,,
310,410,5124,167172104,38.7590857,-77.5256718,-108,1763348045702,6.0,6.534104E-16,-2000.0,LTE,20,,5124,330,,,
310,410,5124,167172104,38.7590857,-77.5256718,-108,1763348050695,6.5,6.534104E-16,-2000.0,LTE,20,,5124,330,,,
310,410,5124,167172104,38.7590857,-77.5256718,-108,1763348050695,6.5,6.534104E-16,-2000.0,LTE,20,,5124,330,,,
310,410,5124,167172104,38.7590857,-77.5256718,-108,1763348055694,6.0,6.534104E-16,-2000.0,LTE,20,,5124,330,,,
310,410,5124,167172104,38.7590857,-77.5256718,-108,1763348055694,6.0,6.534104E-16,-2000.0,LTE,20,,5124,330,,,
310,410,5124,167172104,38.7590857,-77.5256718,-108,1763348060696,6.0,6.534104E-16,-2000.0,LTE,20,,5124,330,,,
310,410,5124,167172104,38.7590857,-77.5256718,-108,1763348060696,6.0,6.534104E-16,-2000.0,LTE,20,,5124,330,,,
310,410,5124,167172104,38.7590857,-77.5256718,-108,1763348065699,8.3,6.534104E-16,-2000.0,LTE,20,,5124,330,,,
310,410,5124,167172104,38.7590857,-77.5256718,-108,1763348065699,8.3,6.534104E-16,-2000.0,LTE,20,,5124,330,,,
310,410,5124,167172104,38.7590857,-77.5256718,-108,1763348070693,8.5,6.534104E-16,-2000.0,LTE,20,,5124,330,,,
310,410,5124,167172104,38.7590857,-77.5256718,-108,1763348070693,8.5,6.534104E-16,-2000.0,LTE,20,,5124,330,,,
310,410,5124,167172104,38.7590857,-77.5256718,-108,1763348075704,6.0,6.534104E-16,-2000.0,LTE,20,,5124,330,,,
310,410,5124,167172104,38.7590857,-77.5256718,-108,1763348075704,6.0,6.534104E-16,-2000.0,LTE,20,,5124,330,,,
310,410,5124,167172104,38.7590857,-77.5256718,-108,1763348080694,6.4,6.534104E-16,-2000.0,LTE,20,,5124,330,,,
310,410,5124,167172104,38.7590857,-77.5256718,-108,1763348080694,6.4,6.534104E-16,-2000.0,LTE,20,,5124,330,,,
310,410,5124,167172104,38.7590857,-77.5256718,-108,1763348085574,8.9,6.534104E-16,-2000.0,LTE,20,,5124,330,,,
310,410,5124,167172104,38.7590857,-77.5256718,-108,1763348085574,8.9,6.534104E-16,-2000.0,LTE,20,,5124,330,,,
310,410,5124,167172104,38.7590857,-77.5256718,-108,1763348090687,6.0,6.534104E-16,-2000.0,LTE,20,,5124,330,,,
310,410,5124,167172104,38.7590857,-77.5256718,-108,1763348090687,6.0,6.534104E-16,-2000.0,LTE,20,,5124,330,,,
310,410,5124,167172104,38.7590857,-77.5256718,-108,1763348095697,8.0,6.534104E-16,-2000.0,LTE,20,,5124,330,,,
310,410,5124,167172104,38.7590857,-77.5256718,-108,1763348095697,8.0,6.534104E-16,-2000.0,LTE,20,,5124,330,,,
310,410,5124,167172104,38.7590857,-77.5256718,-108,1763348100685,6.0,6.534104E-16,-2000.0,LTE,20,,5124,330,,,
310,410,5124,167172104,38.7590857,-77.5256718,-108,1763348100685,6.0,6.534104E-16,-2000.0,LTE,20,,5124,330,,,
310,410,5124,167172104,38.7590857,-77.5256718,-108,1763348105701,7.2,6.534104E-16,-2000.0,LTE,20,,5124,330,,,
310,410,5124,167172104,38.7590857,-77.5256718,-108,1763348105701,7.2,6.534104E-16,-2000.0,LTE,20,,5124,330,,,
310,410,5124,167172104,38.7590857,-77.5256718,-108,1763348110699,6.2,6.534104E-16,-2000.0,LTE,20,,5124,330,,,
310,410,5124,167172104,38.7590857,-77.5256718,-108,1763348110699,6.2,6.534104E-16,-2000.0,LTE,20,,5124,330,,,
310,410,5124,167172104,38.7590857,-77.5256718,-108,1763348115696,6.0,6.534104E-16,-2000.0,LTE,20,,5124,330,,,
310,410,5124,167172104,38.7590857,-77.5256718,-108,1763348115696,6.0,6.534104E-16,-2000.0,LTE,20,,5124,330,,,
310,410,5124,167172104,38.7590857,-77.5256718,-108,1763348120692,8.1,6.534104E-16,-2000.0,LTE,20,,5124,330,,,
310,410,5124,167172104,38.7590857,-77.5256718,-108,1763348120692,8.1,6.534104E-16,-2000.0,LTE,20,,5124,330,,,
310,410,5124,167172104,38.7590857,-77.5256718,-108,1763348125697,7.6,6.534104E-16,-2000.0,LTE,20,,5124,330,,,
310,410,5124,167172104,38.7590857,-77.5256718,-108,1763348125697,7.6,6.534104E-16,-2000.0,LTE,20,,5124,330,,,
310,410,5124,167172104,38.7590857,-77.5256718,-108,1763348130697,6.0,6.534104E-16,-2000.0,LTE,20,,5124,330,,,
310,410,5124,167172104,38.7590857,-77.5256718,-108,1763348130697,6.0,6.534104E-16,-2000.0,LTE,20,,5124,330,,,
310,410,5124,167172104,38.7590857,-77.5256718,-108,1763348135693,7.2,6.534104E-16,-2000.0,LTE,20,,5124,330,,,
310,410,5124,167172104,38.7590857,-77.5256718,-108,1763348135693,7.2,6.534104E-16,-2000.0,LTE,20,,5124,330,,,
310,410,5124,167172104,38.7590789,-77.5256734,-108,1763348140714,5.4,0.10576413,245.69081,LTE,20,,5124,330,,,
310,410,5124,167172104,38.7590789,-77.5256734,-108,1763348140714,5.4,0.10576413,245.69081,LTE,20,,5124,330,,,
310,410,5124,167172104,38.7590857,-77.5256718,-108,1763348145699,5.7,0.014783839,-2000.0,LTE,20,,5124,330,,,
310,410,5124,167172104,38.7590857,-77.5256718,-108,1763348145699,5.7,0.014783839,-2000.0,LTE,20,,5124,330,,,
310,410,5124,167172104,38.7590837,-77.5256772,-108,1763348150624,7.1,0.06398279,-2000.0,LTE,20,,5124,330,,,
310,410,5124,167172104,38.7590837,-77.5256772,-108,1763348150624,7.1,0.06398279,-2000.0,LTE,20,,5124,330,,,
310,410,5124,167172104,38.7590842,-77.5256733,-101,1763348155198,5.0,0.06721769,-2000.0,LTE,20,,5124,330,,,
310,410,5124,167172104,38.7590842,-77.5256733,-101,1763348155198,5.0,0.06721769,-2000.0,LTE,20,,5124,330,,,
310,410,5124,167172104,38.7589482,-77.5257765,-96,1763350565749,20.5,-2000.0,-2000.0,LTE,20,,5124,330,,,
310,410,5124,167172104,38.7592111,-77.5258161,-96,1763350574312,42.8,6.5871105,356.78967,LTE,20,,5124,330,,,
310,410,5124,167172104,38.7592009,-77.5256652,-95,1763350579316,22.7,7.895334,152.65707,LTE,20,,5124,330,,,
310,410,5124,167172104,38.7590588,-77.5256477,-95,1763350584215,15.0,1.0128086,165.40225,LTE,20,,5124,330,,,
310,410,5124,167172104,38.7590634,-77.5256212,-95,1763350589541,8.0,0.45461023,85.053505,LTE,20,,5124,330,,,
310,410,5124,167172104,38.7590729,-77.5256382,-98,1763350594531,9.1,0.7746402,272.0152,LTE,20,,5124,330,,,
310,410,5124,167172104,38.759077,-77.5256571,-100,1763350599542,6.0,0.05363249,-2000.0,LTE,20,,5124,330,,,
310,410,5124,167172104,38.759077,-77.5256569,-98,1763350604533,7.4,7.732487E-5,-2000.0,LTE,20,,5124,330,,,
310,410,5124,167172104,38.759077,-77.5256569,-98,1763350609544,10.6,1.0641586E-6,-2000.0,LTE,20,,5124,330,,,
310,410,5124,167172104,38.759077,-77.5256569,-96,1763350614529,8.0,7.798543E-9,-2000.0,LTE,20,,5124,330,,,
310,410,5124,167172104,38.759077,-77.5256569,-98,1763350619527,9.4,2.3287608E-11,-2000.0,LTE,20,,5124,330,,,
310,410,5124,167172104,38.759077,-77.5256569,-98,1763350624549,8.4,7.72141E-14,-2000.0,LTE,20,,5124,330,,,
310,410,5124,167172104,38.759077,-77.5256569,-96,1763350629533,6.3,7.1816715E-16,-2000.0,LTE,20,,5124,330,,,
310,410,5124,167172104,38.759077,-77.5256569,-96,1763350634548,9.4,7.1816715E-16,-2000.0,LTE,20,,5124,330,,,
310,410,5124,167172104,38.759077,-77.5256569,-98,1763350639530,9.5,7.1816715E-16,-2000.0,LTE,20,,5124,330,,,
310,410,5124,167172104,38.759077,-77.5256569,-98,1763350644525,6.7,7.1816715E-16,-2000.0,LTE,20,,5124,330,,,
310,410,5124,167172104,38.759077,-77.5256569,-99,1763350649537,6.6,7.1816715E-16,-2000.0,LTE,20,,5124,330,,,
310,410,5124,167172104,38.759077,-77.5256569,-99,1763350654530,6.0,7.1816715E-16,-2000.0,LTE,20,,5124,330,,,
310,410,5124,167172104,38.759077,-77.5256569,-99,1763350659549,6.0,7.1816715E-16,-2000.0,LTE,20,,5124,330,,,
310,410,5124,167172104,38.7589855,-77.5257606,-96,1763350804592,25.0,-2000.0,-2000.0,LTE,20,,5124,330,,,
310,410,5124,167172104,38.7589831,-77.5257435,-108,1763350825456,24.4,-2000.0,-2000.0,LTE,20,,5124,330,,,
310,410,5124,167172104,38.7590712,-77.5256268,-106,1763350830411,19.3,0.67728007,35.985947,LTE,20,,5124,330,,,
310,410,5124,167172104,38.7590613,-77.5256372,-102,1763350835504,7.0,0.15294729,137.6057,LTE,20,,5124,330,,,
310,410,5124,167172104,38.7590684,-77.5256392,-99,1763350840512,8.0,0.40102693,306.01486,LTE,20,,5124,330,,,
310,410,5124,167172104,38.7590803,-77.5256557,-98,1763350845536,10.0,0.31870282,305.05118,LTE,20,,5124,330,,,
310,410,5124,167172104,38.7590912,-77.5256626,-98,1763350850520,9.2,0.26111475,348.59494,LTE,20,,5124,330,,,
310,410,5124,167172104,38.7590966,-77.5256618,-104,1763350855542,8.0,0.15948634,203.06929,LTE,20,,5124,330,,,
310,410,5124,167172104,38.7590913,-77.5256611,-104,1763350860543,9.0,0.008503231,-2000.0,LTE,20,,5124,330,,,
310,410,5124,167172104,38.7590914,-77.5256611,-102,1763350865527,8.0,6.469498E-5,-2000.0,LTE,20,,5124,330,,,
310,410,5124,167172104,38.7590914,-77.5256611,-102,1763350870530,8.0,2.1442135E-7,-2000.0,LTE,20,,5124,330,,,
310,410,5124,167172104,38.7590914,-77.5256611,-102,1763350875525,10.0,3.300914E-10,-2000.0,LTE,20,,5124,330,,,
310,410,5124,167172104,38.7590834,-77.5256674,-102,1763350880528,14.0,0.16075182,90.09917,LTE,20,,5124,330,,,
310,410,5124,167172104,38.7590901,-77.5256561,-102,1763350885527,8.0,0.110429555,89.99996,LTE,20,,5124,330,,,
310,410,5124,167172104,38.7590869,-77.525659,-102,1763350890531,6.1,0.10774528,277.75333,LTE,20,,5124,330,,,
310,410,5124,167172104,38.7590861,-77.5256619,-102,1763350895528,5.8,0.10816093,90.03933,LTE,20,,5124,330,,,
310,410,5124,167172104,38.7590914,-77.5256611,-102,1763350900529,6.4,0.0064840177,-2000.0,LTE,20,,5124,330,,,
310,410,5124,167172104,38.7590914,-77.5256611,-103,1763350905540,7.7,2.2925979E-6,-2000.0,LTE,20,,5124,330,,,
310,410,5124,167172104,38.7590914,-77.5256611,-103,1763350910538,6.5,1.9501156E-8,-2000.0,LTE,20,,5124,330,,,
310,410,5124,167172104,38.7590914,-77.5256611,-100,1763350915528,6.0,6.666882E-12,-2000.0,LTE,20,,5124,330,,,
310,410,5124,167172104,38.7590914,-77.5256611,-100,1763350915528,6.0,6.666882E-12,-2000.0,LTE,20,,5124,330,,,
310,410,5124,167172104,38.7590914,-77.5256611,-100,1763350920528,8.8,7.906506E-14,-2000.0,LTE,20,,5124,330,,,
310,410,5124,167172104,38.7590914,-77.5256611,-100,1763350920528,8.8,7.906506E-14,-2000.0,LTE,20,,5124,330,,,
310,410,5124,167172104,38.7590914,-77.5256611,-101,1763350925076,7.8,7.5571925E-16,-2000.0,LTE,20,,5124,330,,,
310,410,5124,167172104,38.7590914,-77.5256611,-101,1763350925076,7.8,7.5571925E-16,-2000.0,LTE,20,,5124,330,,,
310,410,5124,167172104,38.7590914,-77.5256611,-101,1763350930550,6.0,7.5571925E-16,-2000.0,LTE,20,,5124,330,,,
310,410,5124,167172104,38.7590914,-77.5256611,-101,1763350930550,6.0,7.5571925E-16,-2000.0,LTE,20,,5124,330,,,
310,410,5124,167172104,38.7590914,-77.5256611,-101,1763350935531,6.8,7.5571925E-16,-2000.0,LTE,20,,5124,330,,,
310,410,5124,167172104,38.7590914,-77.5256611,-101,1763350935531,6.8,7.5571925E-16,-2000.0,LTE,20,,5124,330,,,
310,410,5124,167172104,38.7590914,-77.5256611,-101,1763350940541,6.0,7.5571925E-16,-2000.0,LTE,20,,5124,330,,,
310,410,5124,167172104,38.7590914,-77.5256611,-101,1763350940541,6.0,7.5571925E-16,-2000.0,LTE,20,,5124,330,,,
310,410,5124,167172104,38.7590914,-77.5256611,-101,1763350945532,6.0,7.5571925E-16,-2000.0,LTE,20,,5124,330,,,
310,410,5124,167172104,38.7590914,-77.5256611,-101,1763350945532,6.0,7.5571925E-16,-2000.0,LTE,20,,5124,330,,,
310,410,5124,167172104,38.7590914,-77.5256611,-101,1763350950544,8.3,7.5571925E-16,-2000.0,LTE,20,,5124,330,,,
310,410,5124,167172104,38.7590914,-77.5256611,-101,1763350950544,8.3,7.5571925E-16,-2000.0,LTE,20,,5124,330,,,
310,410,5124,167172104,38.7590914,-77.5256611,-101,1763350955900,12.7,4.5221866E-16,-2000.0,LTE,20,,5124,330,,,
310,410,5124,167172104,38.7590914,-77.5256611,-101,1763350955900,12.7,4.5221866E-16,-2000.0,LTE,20,,5124,330,,,
310,410,5124,167172104,38.7589957,-77.5257175,-101,1763351014324,22.5,-2000.0,-2000.0,LTE,20,,5124,330,,,
310,410,5124,167172104,38.7589957,-77.5257175,-101,1763351014324,22.5,-2000.0,-2000.0,LTE,20,,5124,330,,,
310,410,5124,167172104,38.758932,-77.525736,-101,1763351019464,2.7,4.879843,209.17464,LTE,20,,5124,330,,,
310,410,5124,167172104,38.758932,-77.525736,-101,1763351019464,2.7,4.879843,209.17464,LTE,20,,5124,330,,,
310,410,5124,167172104,38.7590407,-77.525664,-101,1763351024490,9.4,0.23576012,345.34833,LTE,20,,5124,330,,,
310,410,5124,167172104,38.7590407,-77.525664,-101,1763351024490,9.4,0.23576012,345.34833,LTE,20,,5124,330,,,
310,410,5124,167172104,38.7590654,-77.5256405,-101,1763351029503,13.6,0.26984158,32.894352,LTE,20,,5124,330,,,
310,410,5124,167172104,38.7590654,-77.5256405,-101,1763351029503,13.6,0.26984158,32.894352,LTE,20,,5124,330,,,
310,410,5124,167172104,38.7590501,-77.5256347,-101,1763351034529,9.9,0.25087917,105.831116,LTE,20,,5124,330,,,
310,410,5124,167172104,38.7590501,-77.5256347,-101,1763351034529,9.9,0.25087917,105.831116,LTE,20,,5124,330,,,
310,410,5124,167172104,38.7590563,-77.5256425,-102,1763351039534,10.7,0.34526813,306.1892,LTE,20,,5124,330,,,
310,410,5124,167172104,38.7590563,-77.5256425,-102,1763351039534,10.7,0.34526813,306.1892,LTE,20,,5124,330,,,
310,410,5124,167172104,38.7590687,-77.5256348,-100,1763351044538,8.6,0.20281817,33.086002,LTE,20,,5124,330,,,
310,410,5124,167172104,38.7590687,-77.5256348,-100,1763351044538,8.6,0.20281817,33.086002,LTE,20,,5124,330,,,
310,410,5124,167172104,38.7590683,-77.525635,-102,1763351049538,6.8,1.3463917E-4,-2000.0,LTE,20,,5124,330,,,
310,410,5124,167172104,38.7590683,-77.525635,-102,1763351049538,6.8,1.3463917E-4,-2000.0,LTE,20,,5124,330,,,
310,410,5124,167172104,38.7590683,-77.525635,-102,1763351054546,7.9,1.3041716E-6,-2000.0,LTE,20,,5124,330,,,
310,410,5124,167172104,38.7590683,-77.525635,-102,1763351054546,7.9,1.3041716E-6,-2000.0,LTE,20,,5124,330,,,
310,410,5124,167172104,38.7590683,-77.525635,-102,1763351059538,6.7,1.0612579E-9,-2000.0,LTE,20,,5124,330,,,
310,410,5124,167172104,38.7590683,-77.525635,-102,1763351059538,6.7,1.0612579E-9,-2000.0,LTE,20,,5124,330,,,
310,410,5124,167172104,38.7590683,-77.525635,-102,1763351064532,6.0,3.5151179E-12,-2000.0,LTE,20,,5124,330,,,
310,410,5124,167172104,38.7590683,-77.525635,-102,1763351064532,6.0,3.5151179E-12,-2000.0,LTE,20,,5124,330,,,
310,410,5124,167172104,38.7590683,-77.525635,-102,1763351069540,6.0,6.593412E-15,-2000.0,LTE,20,,5124,330,,,
310,410,5124,167172104,38.7590683,-77.525635,-102,1763351069540,6.0,6.593412E-15,-2000.0,LTE,20,,5124,330,,,
310,410,5124,167172104,38.7590683,-77.525635,-102,1763351074533,7.7,3.598635E-16,-2000.0,LTE,20,,5124,330,,,
310,410,5124,167172104,38.7590683,-77.525635,-102,1763351074533,7.7,3.598635E-16,-2000.0,LTE,20,,5124,330,,,
310,410,5124,167172104,38.7590683,-77.525635,-102,1763351079540,6.0,3.598635E-16,-2000.0,LTE,20,,5124,330,,,
310,410,5124,167172104,38.7590683,-77.525635,-102,1763351079540,6.0,3.598635E-16,-2000.0,LTE,20,,5124,330,,,
310,410,5124,167172104,38.7590657,-77.5256327,-100,1763351084551,7.9,0.13799654,57.049072,LTE,20,,5124,330,,,
310,410,5124,167172104,38.7590657,-77.5256327,-100,1763351084551,7.9,0.13799654,57.049072,LTE,20,,5124,330,,,
310,410,5124,167172104,38.7590662,-77.5256319,-102,1763351085535,7.7,0.16472301,70.77122,LTE,20,,5124,330,,,
310,410,5124,167172104,38.7590639,-77.5256335,-100,1763351089553,6.5,0.08281721,-2000.0,LTE,20,,5124,330,,,
310,410,5124,167172104,38.7590639,-77.5256335,-100,1763351089553,6.5,0.08281721,-2000.0,LTE,20,,5124,330,,,
310,410,5124,167172104,38.7590639,-77.5256357,-100,1763351090198,6.3,0.03335114,-2000.0,LTE,20,,5124,330,,,
310,410,5124,167172104,38.7590662,-77.5256322,-102,1763351096293,60.9,0.074464396,-2000.0,LTE,20,,5124,330,,,
310,410,5124,167172104,38.7590662,-77.5256322,-102,1763351096293,60.9,0.074464396,-2000.0,LTE,20,,5124,330,,,
310,410,5124,167172104,38.7590662,-77.5256322,-102,1763351096293,60.9,0.074464396,-2000.0,LTE,20,,5124,330,,,
310,410,5124,167172104,38.7589418,-77.5257767,-102,1763351113355,22.4,-2000.0,-2000.0,LTE,20,,5124,330,,,
310,410,5124,167172104,38.7589418,-77.5257767,-102,1763351113355,22.4,-2000.0,-2000.0,LTE,20,,5124,330,,,
310,410,5124,167172104,38.7589418,-77.5257767,-102,1763351113355,22.4,-2000.0,-2000.0,LTE,20,,5124,330,,,
310,410,5124,167172104,38.7590253,-77.5256856,-103,1763351152628,20.0,-2000.0,-2000.0,LTE,20,,5124,330,,,
310,410,5124,167172104,38.7590253,-77.5256856,-103,1763351152628,20.0,-2000.0,-2000.0,LTE,20,,5124,330,,,
310,410,5124,167172104,38.7590253,-77.5256856,-103,1763351152628,20.0,-2000.0,-2000.0,LTE,20,,5124,330,,,
310,410,5124,167172104,38.7588909,-77.5257144,-102,1763351157633,28.0,2.4509835,200.68867,LTE,20,,5124,330,,,
310,410,5124,167172104,38.7588909,-77.5257144,-102,1763351157633,28.0,2.4509835,200.68867,LTE,20,,5124,330,,,
310,410,5124,167172104,38.7588909,-77.5257144,-102,1763351157633,28.0,2.4509835,200.68867,LTE,20,,5124,330,,,
310,410,5124,167172104,38.7589362,-77.5256618,-102,1763351162674,22.0,0.50865716,46.18035,LTE,20,,5124,330,,,
310,410,5124,167172104,38.7589362,-77.5256618,-102,1763351162674,22.0,0.50865716,46.18035,LTE,20,,5124,330,,,
310,410,5124,167172104,38.7589362,-77.5256618,-102,1763351162674,22.0,0.50865716,46.18035,LTE,20,,5124,330,,,
310,410,5124,167172104,38.7590174,-77.5256825,-101,1763351169521,14.7,0.65162706,15.76371,LTE,20,,5124,330,,,
310,410,5124,167172104,38.7590174,-77.5256825,-101,1763351169521,14.7,0.65162706,15.76371,LTE,20,,5124,330,,,
310,410,5124,167172104,38.7590174,-77.5256825,-101,1763351169521,14.7,0.65162706,15.76371,LTE,20,,5124,330,,,
310,410,5124,167172104,38.7590441,-77.5256599,-101,1763351174522,10.7,0.5258334,29.086744,LTE,20,,5124,330,,,
310,410,5124,167172104,38.7590441,-77.5256599,-101,1763351174522,10.7,0.5258334,29.086744,LTE,20,,5124,330,,,
310,410,5124,167172104,38.7590441,-77.5256599,-101,1763351174522,10.7,0.5258334,29.086744,LTE,20,,5124,330,,,
310,410,5124,167172104,38.7590459,-77.5256541,-101,1763351179536,8.0,0.094358034,-2000.0,LTE,20,,5124,330,,,
310,410,5124,167172104,38.7590459,-77.5256541,-101,1763351179536,8.0,0.094358034,-2000.0,LTE,20,,5124,330,,,
310,410,5124,167172104,38.7590459,-77.5256541,-101,1763351179536,8.0,0.094358034,-2000.0,LTE,20,,5124,330,,,
310,410,5124,167172104,38.7590432,-77.5256454,-101,1763351184527,6.0,0.06803323,-2000.0,LTE,20,,5124,330,,,
310,410,5124,167172104,38.7590432,-77.5256454,-101,1763351184527,6.0,0.06803323,-2000.0,LTE,20,,5124,330,,,
310,410,5124,167172104,38.7590432,-77.5256454,-101,1763351184527,6.0,0.06803323,-2000.0,LTE,20,,5124,330,,,
310,410,5124,167172104,38.7590351,-77.525629,-104,1763351189531,7.2,0.02022684,-2000.0,LTE,20,,5124,330,,,
310,410,5124,167172104,38.7590351,-77.525629,-104,1763351189531,7.2,0.02022684,-2000.0,LTE,20,,5124,330,,,
310,410,5124,167172104,38.7590351,-77.525629,-104,1763351189531,7.2,0.02022684,-2000.0,LTE,20,,5124,330,,,
310,410,5124,167172104,38.7590353,-77.5256274,-106,1763351194516,7.1,0.06125288,-2000.0,LTE,20,,5124,330,,,
310,410,5124,167172104,38.7590353,-77.5256274,-106,1763351194516,7.1,0.06125288,-2000.0,LTE,20,,5124,330,,,
310,410,5124,167172104,38.7590353,-77.5256274,-106,1763351194516,7.1,0.06125288,-2000.0,LTE,20,,5124,330,,,
310,410,5124,167172104,38.7590374,-77.5256327,-104,1763351199531,5.8,0.069985636,-2000.0,LTE,20,,5124,330,,,
310,410,5124,167172104,38.7590374,-77.5256327,-104,1763351199531,5.8,0.069985636,-2000.0,LTE,20,,5124,330,,,
310,410,5124,167172104,38.7590374,-77.5256327,-104,1763351199531,5.8,0.069985636,-2000.0,LTE,20,,5124,330,,,
310,410,5124,167172104,38.7590431,-77.5256378,-104,1763351204539,5.5,0.06965957,-2000.0,LTE,20,,5124,330,,,
310,410,5124,167172104,38.7590431,-77.5256378,-104,1763351204539,5.5,0.06965957,-2000.0,LTE,20,,5124,330,,,
310,410,5124,167172104,38.7590431,-77.5256378,-104,1763351204539,5.5,0.06965957,-2000.0,LTE,20,,5124,330,,,
310,410,5124,167172104,38.7590537,-77.5256437,-104,1763351209531,6.4,0.16619748,345.78992,LTE,20,,5124,330,,,
310,410,5124,167172104,38.7590537,-77.5256437,-104,1763351209531,6.4,0.16619748,345.78992,LTE,20,,5124,330,,,
310,410,5124,167172104,38.7590537,-77.5256437,-104,1763351209531,6.4,0.16619748,345.78992,LTE,20,,5124,330,,,
310,410,5124,167172104,38.759054,-77.5256439,-104,1763351214526,8.9,5.448336E-4,-2000.0,LTE,20,,5124,330,,,
310,410,5124,167172104,38.759054,-77.5256439,-104,1763351214526,8.9,5.448336E-4,-2000.0,LTE,20,,5124,330,,,
310,410,5124,167172104,38.759054,-77.5256439,-104,1763351214526,8.9,5.448336E-4,-2000.0,LTE,20,,5124,330,,,
310,410,5124,167172104,38.759054,-77.5256439,-102,1763351219544,8.0,8.750806E-6,-2000.0,LTE,20,,5124,330,,,
310,410,5124,167172104,38.759054,-77.5256439,-102,1763351219544,8.0,8.750806E-6,-2000.0,LTE,20,,5124,330,,,
310,410,5124,167172104,38.759054,-77.5256439,-102,1763351219544,8.0,8.750806E-6,-2000.0,LTE,20,,5124,330,,,
310,410,5124,167172104,38.759054,-77.5256439,-104,1763351224540,8.0,4.6722835E-8,-2000.0,LTE,20,,5124,330,,,
310,410,5124,167172104,38.759054,-77.5256439,-104,1763351224540,8.0,4.6722835E-8,-2000.0,LTE,20,,5124,330,,,
310,410,5124,167172104,38.759054,-77.5256439,-104,1763351224540,8.0,4.6722835E-8,-2000.0,LTE,20,,5124,330,,,
310,410,5124,167172104,38.759054,-77.5256439,-106,1763351229534,8.2,3.3217665E-11,-2000.0,LTE,20,,5124,330,,,
310,410,5124,167172104,38.759054,-77.5256439,-106,1763351229534,8.2,3.3217665E-11,-2000.0,LTE,20,,5124,330,,,
310,410,5124,167172104,38.759054,-77.5256439,-106,1763351229534,8.2,3.3217665E-11,-2000.0,LTE,20,,5124,330,,,
310,410,5124,167172104,38.759054,-77.5256439,-109,1763351234530,8.1,8.989564E-13,-2000.0,LTE,20,,5124,330,,,
310,410,5124,167172104,38.759054,-77.5256439,-109,1763351234530,8.1,8.989564E-13,-2000.0,LTE,20,,5124,330,,,
310,410,5124,167172104,38.759054,-77.5256439,-109,1763351234530,8.1,8.989564E-13,-2000.0,LTE,20,,5124,330,,,
310,410,5124,167172104,38.759054,-77.5256439,-108,1763351239543,8.0,5.695287E-15,-2000.0,LTE,20,,5124,330,,,
310,410,5124,167172104,38.759054,-77.5256439,-108,1763351239543,8.0,5.695287E-15,-2000.0,LTE,20,,5124,330,,,
310,410,5124,167172104,38.759054,-77.5256439,-108,1763351239543,8.0,5.695287E-15,-2000.0,LTE,20,,5124,330,,,
310,410,5124,167172104,38.759054,-77.5256439,-111,1763351244544,8.0,1.3790807E-16,-2000.0,LTE,20,,5124,330,,,
310,410,5124,167172104,38.759054,-77.5256439,-111,1763351244544,8.0,1.3790807E-16,-2000.0,LTE,20,,5124,330,,,
310,410,5124,167172104,38.759054,-77.5256439,-111,1763351244544,8.0,1.3790807E-16,-2000.0,LTE,20,,5124,330,,,
310,410,5124,167172104,38.759054,-77.5256439,-112,1763351249527,8.2,1.3790807E-16,-2000.0,LTE,20,,5124,330,,,
310,410,5124,167172104,38.759054,-77.5256439,-112,1763351249527,8.2,1.3790807E-16,-2000.0,LTE,20,,5124,330,,,
310,410,5124,167172104,38.759054,-77.5256439,-112,1763351249527,8.2,1.3790807E-16,-2000.0,LTE,20,,5124,330,,,
310,410,5124,167172104,38.759054,-77.5256439,-112,1763351254528,8.0,1.3790807E-16,-2000.0,LTE,20,,5124,330,,,
310,410,5124,167172104,38.759054,-77.5256439,-112,1763351254528,8.0,1.3790807E-16,-2000.0,LTE,20,,5124,330,,,
310,410,5124,167172104,38.759054,-77.5256439,-112,1763351254528,8.0,1.3790807E-16,-2000.0,LTE,20,,5124,330,,,
310,410,5124,167172104,38.759054,-77.5256439,-110,1763351259529,8.2,1.3790807E-16,-2000.0,LTE,20,,5124,330,,,
310,410,5124,167172104,38.759054,-77.5256439,-110,1763351259529,8.2,1.3790807E-16,-2000.0,LTE,20,,5124,330,,,
310,410,5124,167172104,38.759054,-77.5256439,-110,1763351259529,8.2,1.3790807E-16,-2000.0,LTE,20,,5124,330,,,
310,410,5124,167172104,38.759054,-77.5256439,-110,1763351264540,8.1,1.3790807E-16,-2000.0,LTE,20,,5124,330,,,
310,410,5124,167172104,38.759054,-77.5256439,-110,1763351264540,8.1,1.3790807E-16,-2000.0,LTE,20,,5124,330,,,
310,410,5124,167172104,38.759054,-77.5256439,-110,1763351264540,8.1,1.3790807E-16,-2000.0,LTE,20,,5124,330,,,
310,410,5124,167172104,38.759054,-77.5256439,-109,1763351269541,8.0,1.3790807E-16,-2000.0,LTE,20,,5124,330,,,
310,410,5124,167172104,38.759054,-77.5256439,-109,1763351269541,8.0,1.3790807E-16,-2000.0,LTE,20,,5124,330,,,
310,410,5124,167172104,38.759054,-77.5256439,-109,1763351269541,8.0,1.3790807E-16,-2000.0,LTE,20,,5124,330,,,
310,410,5124,167172104,38.759054,-77.5256439,-109,1763351274529,8.0,1.3790807E-16,-2000.0,LTE,20,,5124,330,,,
310,410,5124,167172104,38.759054,-77.5256439,-109,1763351274529,8.0,1.3790807E-16,-2000.0,LTE,20,,5124,330,,,
310,410,5124,167172104,38.759054,-77.5256439,-109,1763351274529,8.0,1.3790807E-16,-2000.0,LTE,20,,5124,330,,,
310,410,5124,167172104,38.759054,-77.5256439,-111,1763351279279,8.2,1.3790807E-16,-2000.0,LTE,20,,5124,330,,,
310,410,5124,167172104,38.759054,-77.5256439,-111,1763351279279,8.2,1.3790807E-16,-2000.0,LTE,20,,5124,330,,,
310,410,5124,167172104,38.759054,-77.5256439,-111,1763351279279,8.2,1.3790807E-16,-2000.0,LTE,20,,5124,330,,,
310,410,5124,167172104,38.759054,-77.5256439,-105,1763351284524,8.0,1.3790807E-16,-2000.0,LTE,20,,5124,330,,,
310,410,5124,167172104,38.759054,-77.5256439,-105,1763351284524,8.0,1.3790807E-16,-2000.0,LTE,20,,5124,330,,,
310,410,5124,167172104,38.759054,-77.5256439,-105,1763351284524,8.0,1.3790807E-16,-2000.0,LTE,20,,5124,330,,,
310,410,5124,167172104,38.759054,-77.5256439,-105,1763351289522,7.5,1.3790807E-16,-2000.0,LTE,20,,5124,330,,,
310,410,5124,167172104,38.759054,-77.5256439,-105,1763351289522,7.5,1.3790807E-16,-2000.0,LTE,20,,5124,330,,,
310,410,5124,167172104,38.759054,-77.5256439,-105,1763351289522,7.5,1.3790807E-16,-2000.0,LTE,20,,5124,330,,,
310,410,5124,167172104,38.759054,-77.5256439,-101,1763351294527,6.0,1.3790807E-16,-2000.0,LTE,20,,5124,330,,,
310,410,5124,167172104,38.759054,-77.5256439,-101,1763351294527,6.0,1.3790807E-16,-2000.0,LTE,20,,5124,330,,,
310,410,5124,167172104,38.759054,-77.5256439,-101,1763351294527,6.0,1.3790807E-16,-2000.0,LTE,20,,5124,330,,,
310,410,5124,167172104,38.759054,-77.5256439,-99,1763351299534,6.0,1.3790807E-16,-2000.0,LTE,20,,5124,330,,,
310,410,5124,167172104,38.759054,-77.5256439,-99,1763351299534,6.0,1.3790807E-16,-2000.0,LTE,20,,5124,330,,,
310,410,5124,167172104,38.759054,-77.5256439,-99,1763351299534,6.0,1.3790807E-16,-2000.0,LTE,20,,5124,330,,,
310,410,5124,167172104,38.759054,-77.5256439,-99,1763351304542,6.2,1.3790807E-16,-2000.0,LTE,20,,5124,330,,,
310,410,5124,167172104,38.759054,-77.5256439,-99,1763351304542,6.2,1.3790807E-16,-2000.0,LTE,20,,5124,330,,,
310,410,5124,167172104,38.759054,-77.5256439,-99,1763351304542,6.2,1.3790807E-16,-2000.0,LTE,20,,5124,330,,,
310,410,5124,167172104,38.759054,-77.5256439,-100,1763351309531,6.1,1.3790807E-16,-2000.0,LTE,20,,5124,330,,,
310,410,5124,167172104,38.759054,-77.5256439,-100,1763351309531,6.1,1.3790807E-16,-2000.0,LTE,20,,5124,330,,,
310,410,5124,167172104,38.759054,-77.5256439,-100,1763351309531,6.1,1.3790807E-16,-2000.0,LTE,20,,5124,330,,,
310,410,5124,167172104,38.759054,-77.5256439,-102,1763351314541,6.0,1.3790807E-16,-2000.0,LTE,20,,5124,330,,,
310,410,5124,167172104,38.759054,-77.5256439,-102,1763351314541,6.0,1.3790807E-16,-2000.0,LTE,20,,5124,330,,,
310,410,5124,167172104,38.759054,-77.5256439,-102,1763351314541,6.0,1.3790807E-16,-2000.0,LTE,20,,5124,330,,,
310,410,5124,167172104,38.759054,-77.5256439,-103,1763351319527,6.0,1.3790807E-16,-2000.0,LTE,20,,5124,330,,,
310,410,5124,167172104,38.759054,-77.5256439,-103,1763351319527,6.0,1.3790807E-16,-2000.0,LTE,20,,5124,330,,,
310,410,5124,167172104,38.759054,-77.5256439,-103,1763351319527,6.0,1.3790807E-16,-2000.0,LTE,20,,5124,330,,,
310,410,5124,167172104,38.759054,-77.5256439,-102,1763351324540,6.2,1.3790807E-16,-2000.0,LTE,20,,5124,330,,,
310,410,5124,167172104,38.759054,-77.5256439,-102,1763351324540,6.2,1.3790807E-16,-2000.0,LTE,20,,5124,330,,,
310,410,5124,167172104,38.759054,-77.5256439,-102,1763351324540,6.2,1.3790807E-16,-2000.0,LTE,20,,5124,330,,,
310,410,5124,167172104,38.759054,-77.5256439,-101,1763351329541,6.0,1.3790807E-16,-2000.0,LTE,20,,5124,330,,,
310,410,5124,167172104,38.759054,-77.5256439,-101,1763351329541,6.0,1.3790807E-16,-2000.0,LTE,20,,5124,330,,,
310,410,5124,167172104,38.759054,-77.5256439,-101,1763351329541,6.0,1.3790807E-16,-2000.0,LTE,20,,5124,330,,,
310,410,5124,167172104,38.759054,-77.5256439,-101,1763351334538,6.1,1.3790807E-16,-2000.0,LTE,20,,5124,330,,,
310,410,5124,167172104,38.759054,-77.5256439,-101,1763351334538,6.1,1.3790807E-16,-2000.0,LTE,20,,5124,330,,,
310,410,5124,167172104,38.759054,-77.5256439,-101,1763351334538,6.1,1.3790807E-16,-2000.0,LTE,20,,5124,330,,,
310,410,5124,167172104,38.759054,-77.5256439,-101,1763351339525,6.0,1.3790807E-16,-2000.0,LTE,20,,5124,330,,,
310,410,5124,167172104,38.759054,-77.5256439,-101,1763351339525,6.0,1.3790807E-16,-2000.0,LTE,20,,5124,330,,,
310,410,5124,167172104,38.759054,-77.5256439,-101,1763351339525,6.0,1.3790807E-16,-2000.0,LTE,20,,5124,330,,,
310,410,5124,167172104,38.759054,-77.5256439,-101,1763351344527,6.0,1.3790807E-16,-2000.0,LTE,20,,5124,330,,,
310,410,5124,167172104,38.759054,-77.5256439,-101,1763351344527,6.0,1.3790807E-16,-2000.0,LTE,20,,5124,330,,,
310,410,5124,167172104,38.759054,-77.5256439,-101,1763351344527,6.0,1.3790807E-16,-2000.0,LTE,20,,5124,330,,,
310,410,5124,167172104,38.759054,-77.5256439,-102,1763351349527,6.2,1.3790807E-16,-2000.0,LTE,20,,5124,330,,,
310,410,5124,167172104,38.759054,-77.5256439,-102,1763351349527,6.2,1.3790807E-16,-2000.0,LTE,20,,5124,330,,,
310,410,5124,167172104,38.759054,-77.5256439,-102,1763351349527,6.2,1.3790807E-16,-2000.0,LTE,20,,5124,330,,,
310,410,5124,167172104,38.759054,-77.5256439,-102,1763351354039,6.1,1.3790807E-16,-2000.0,LTE,20,,5124,330,,,
310,410,5124,167172104,38.759054,-77.5256439,-102,1763351354039,6.1,1.3790807E-16,-2000.0,LTE,20,,5124,330,,,
310,410,5124,167172104,38.759054,-77.5256439,-102,1763351354039,6.1,1.3790807E-16,-2000.0,LTE,20,,5124,330,,,
310,410,5124,167172104,38.759054,-77.5256439,-103,1763351359537,6.0,1.3790807E-16,-2000.0,LTE,20,,5124,330,,,
310,410,5124,167172104,38.759054,-77.5256439,-103,1763351359537,6.0,1.3790807E-16,-2000.0,LTE,20,,5124,330,,,
310,410,5124,167172104,38.759054,-77.5256439,-103,1763351359537,6.0,1.3790807E-16,-2000.0,LTE,20,,5124,330,,,
310,410,5124,167172104,38.7590796,-77.525627,-103,1763351379512,1.0,0.0,-2000.0,LTE,20,,5124,330,,,
310,410,5124,167172104,38.7590796,-77.525627,-103,1763351379512,1.0,0.0,-2000.0,LTE,20,,5124,330,,,
310,410,5124,167172104,38.7590796,-77.525627,-103,1763351379512,1.0,0.0,-2000.0,LTE,20,,5124,330,,,
310,410,5124,167172104,38.7590539,-77.5256439,-103,1763351391528,6.0,0.01995436,-2000.0,LTE,20,,5124,330,,,
310,410,5124,167172104,38.7590539,-77.5256439,-103,1763351391528,6.0,0.01995436,-2000.0,LTE,20,,5124,330,,,
310,410,5124,167172104,38.7590539,-77.5256439,-103,1763351391528,6.0,0.01995436,-2000.0,LTE,20,,5124,330,,,
310,410,5124,167172104,38.7590409,-77.5257499,-103,1763351977094,64.1,-2000.0,-2000.0,LTE,20,,5124,330,,,
310,410,5124,167172104,38.7590409,-77.5257499,-103,1763351977094,64.1,-2000.0,-2000.0,LTE,20,,5124,330,,,
310,410,5124,167172104,38.7590409,-77.5257499,-103,1763351977094,64.1,-2000.0,-2000.0,LTE,20,,5124,330,,,
310,410,5124,167172104,38.7590144,-77.525716,-103,1763351981767,44.0,0.099624366,-2000.0,LTE,20,,5124,330,,,
310,410,5124,167172104,38.7590144,-77.525716,-103,1763351981767,44.0,0.099624366,-2000.0,LTE,20,,5124,330,,,
310,410,5124,167172104,38.7590144,-77.525716,-103,1763351981767,44.0,0.099624366,-2000.0,LTE,20,,5124,330,,,
310,410,5124,167172104,38.7591023,-77.5256336,-103,1763351986811,3.0,2.2383485,36.31391,LTE,20,,5124,330,,,
310,410,5124,167172104,38.7591023,-77.5256336,-103,1763351986811,3.0,2.2383485,36.31391,LTE,20,,5124,330,,,
310,410,5124,167172104,38.7591023,-77.5256336,-103,1763351986811,3.0,2.2383485,36.31391,LTE,20,,5124,330,,,
310,410,5124,167172104,38.7590988,-77.5256518,-101,1763351991829,10.6,0.39468384,245.40036,LTE,20,,5124,330,,,
310,410,5124,167172104,38.7590988,-77.5256518,-101,1763351991829,10.6,0.39468384,245.40036,LTE,20,,5124,330,,,
310,410,5124,167172104,38.7590988,-77.5256518,-101,1763351991829,10.6,0.39468384,245.40036,LTE,20,,5124,330,,,
310,410,5124,167172104,38.7591065,-77.5256516,-103,1763351996447,8.0,0.23593321,320.35928,LTE,20,,5124,330,,,
310,410,5124,167172104,38.7591065,-77.5256516,-103,1763351996447,8.0,0.23593321,320.35928,LTE,20,,5124,330,,,
310,410,5124,167172104,38.7591065,-77.5256516,-103,1763351996447,8.0,0.23593321,320.35928,LTE,20,,5124,330,,,
310,410,5124,167172104,38.7591165,-77.5256928,-102,1763352001458,8.0,0.4715512,250.0037,LTE,20,,5124,330,,,
310,410,5124,167172104,38.7591165,-77.5256928,-102,1763352001458,8.0,0.4715512,250.0037,LTE,20,,5124,330,,,
310,410,5124,167172104,38.7591165,-77.5256928,-102,1763352001458,8.0,0.4715512,250.0037,LTE,20,,5124,330,,,
310,410,5124,167172104,38.7590846,-77.5256739,-101,1763352006478,7.6,0.65676993,178.6567,LTE,20,,5124,330,,,
310,410,5124,167172104,38.7590846,-77.5256739,-101,1763352006478,7.6,0.65676993,178.6567,LTE,20,,5124,330,,,
310,410,5124,167172104,38.7590846,-77.5256739,-101,1763352006478,7.6,0.65676993,178.6567,LTE,20,,5124,330,,,
310,410,5124,167172104,38.7590799,-77.5256817,-102,1763352011480,6.7,0.057010476,-2000.0,LTE,20,,5124,330,,,
310,410,5124,167172104,38.7590799,-77.5256817,-102,1763352011480,6.7,0.057010476,-2000.0,LTE,20,,5124,330,,,
310,410,5124,167172104,38.7590799,-77.5256817,-102,1763352011480,6.7,0.057010476,-2000.0,LTE,20,,5124,330,,,
310,410,5124,167172104,38.75908,-77.5256814,-100,1763352016463,6.9,1.3864435E-4,-2000.0,LTE,20,,5124,330,,,
310,410,5124,167172104,38.75908,-77.5256814,-100,1763352016463,6.9,1.3864435E-4,-2000.0,LTE,20,,5124,330,,,
310,410,5124,167172104,38.75908,-77.5256814,-100,1763352016463,6.9,1.3864435E-4,-2000.0,LTE,20,,5124,330,,,
310,410,5124,167172104,38.75908,-77.5256814,-98,1763352021467,6.0,2.2275373E-7,-2000.0,LTE,20,,5124,330,,,
310,410,5124,167172104,38.75908,-77.5256814,-98,1763352021467,6.0,2.2275373E-7,-2000.0,LTE,20,,5124,330,,,
310,410,5124,167172104,38.75908,-77.5256814,-98,1763352021467,6.0,2.2275373E-7,-2000.0,LTE,20,,5124,330,,,
310,410,5124,167172104,38.75908,-77.5256814,-98,1763352026466,6.5,5.5881927E-10,-2000.0,LTE,20,,5124,330,,,
310,410,5124,167172104,38.75908,-77.5256814,-98,1763352026466,6.5,5.5881927E-10,-2000.0,LTE,20,,5124,330,,,
310,410,5124,167172104,38.75908,-77.5256814,-98,1763352026466,6.5,5.5881927E-10,-2000.0,LTE,20,,5124,330,,,
310,410,5124,167172104,38.75908,-77.5256814,-101,1763352031465,8.1,2.2249153E-12,-2000.0,LTE,20,,5124,330,,,
310,410,5124,167172104,38.75908,-77.5256814,-101,1763352031465,8.1,2.2249153E-12,-2000.0,LTE,20,,5124,330,,,
310,410,5124,167172104,38.75908,-77.5256814,-101,1763352031465,8.1,2.2249153E-12,-2000.0,LTE,20,,5124,330,,,
310,410,5124,167172104,38.75908,-77.5256814,-101,1763352036469,8.0,3.0254577E-15,-2000.0,LTE,20,,5124,330,,,
310,410,5124,167172104,38.75908,-77.5256814,-101,1763352036469,8.0,3.0254577E-15,-2000.0,LTE,20,,5124,330,,,
310,410,5124,167172104,38.75908,-77.5256814,-101,1763352036469,8.0,3.0254577E-15,-2000.0,LTE,20,,5124,330,,,
310,410,5124,167172104,38.75908,-77.5256814,-100,1763352041491,8.0,4.3137792E-16,-2000.0,LTE,20,,5124,330,,,
310,410,5124,167172104,38.75908,-77.5256814,-100,1763352041491,8.0,4.3137792E-16,-2000.0,LTE,20,,5124,330,,,
310,410,5124,167172104,38.75908,-77.5256814,-100,1763352041491,8.0,4.3137792E-16,-2000.0,LTE,20,,5124,330,,,
310,410,5124,167172104,38.75908,-77.5256814,-100,1763352046301,6.5,4.3137792E-16,-2000.0,LTE,20,,5124,330,,,
310,410,5124,167172104,38.75908,-77.5256814,-100,1763352046301,6.5,4.3137792E-16,-2000.0,LTE,20,,5124,330,,,
310,410,5124,167172104,38.75908,-77.5256814,-100,1763352046301,6.5,4.3137792E-16,-2000.0,LTE,20,,5124,330,,,
310,410,5124,167172104,38.75908,-77.5256814,-100,1763352051470,7.0,4.3137792E-16,-2000.0,LTE,20,,5124,330,,,
310,410,5124,167172104,38.75908,-77.5256814,-100,1763352051470,7.0,4.3137792E-16,-2000.0,LTE,20,,5124,330,,,
310,410,5124,167172104,38.75908,-77.5256814,-100,1763352051470,7.0,4.3137792E-16,-2000.0,LTE,20,,5124,330,,,
310,410,5124,167172104,38.75908,-77.5256814,-100,1763352056481,8.1,4.3137792E-16,-2000.0,LTE,20,,5124,330,,,
310,410,5124,167172104,38.75908,-77.5256814,-100,1763352056481,8.1,4.3137792E-16,-2000.0,LTE,20,,5124,330,,,
310,410,5124,167172104,38.75908,-77.5256814,-100,1763352056481,8.1,4.3137792E-16,-2000.0,LTE,20,,5124,330,,,
310,410,5124,167172104,38.75908,-77.5256814,-100,1763352061485,6.0,4.3137792E-16,-2000.0,LTE,20,,5124,330,,,
310,410,5124,167172104,38.75908,-77.5256814,-100,1763352061485,6.0,4.3137792E-16,-2000.0,LTE,20,,5124,330,,,
310,410,5124,167172104,38.75908,-77.5256814,-100,1763352061485,6.0,4.3137792E-16,-2000.0,LTE,20,,5124,330,,,
310,410,5124,167172104,38.75908,-77.5256814,-105,1763352066467,6.0,4.3137792E-16,-2000.0,LTE,20,,5124,330,,,
310,410,5124,167172104,38.75908,-77.5256814,-105,1763352066467,6.0,4.3137792E-16,-2000.0,LTE,20,,5124,330,,,
310,410,5124,167172104,38.75908,-77.5256814,-105,1763352066467,6.0,4.3137792E-16,-2000.0,LTE,20,,5124,330,,,
310,410,5124,167172104,38.75908,-77.5256814,-107,1763352071469,6.0,4.3137792E-16,-2000.0,LTE,20,,5124,330,,,
310,410,5124,167172104,38.75908,-77.5256814,-107,1763352071469,6.0,4.3137792E-16,-2000.0,LTE,20,,5124,330,,,
310,410,5124,167172104,38.75908,-77.5256814,-107,1763352071469,6.0,4.3137792E-16,-2000.0,LTE,20,,5124,330,,,
310,410,5124,167172104,38.75908,-77.5256814,-108,1763352076485,7.6,4.3137792E-16,-2000.0,LTE,20,,5124,330,,,
310,410,5124,167172104,38.75908,-77.5256814,-108,1763352076485,7.6,4.3137792E-16,-2000.0,LTE,20,,5124,330,,,
310,410,5124,167172104,38.75908,-77.5256814,-108,1763352076485,7.6,4.3137792E-16,-2000.0,LTE,20,,5124,330,,,
310,410,5124,167172104,38.75908,-77.5256814,-108,1763352081470,7.8,4.3137792E-16,-2000.0,LTE,20,,5124,330,,,
310,410,5124,167172104,38.75908,-77.5256814,-108,1763352081470,7.8,4.3137792E-16,-2000.0,LTE,20,,5124,330,,,
310,410,5124,167172104,38.75908,-77.5256814,-108,1763352081470,7.8,4.3137792E-16,-2000.0,LTE,20,,5124,330,,,
310,410,5124,167172104,38.75908,-77.5256814,-107,1763352082476,7.3,4.3137792E-16,-2000.0,LTE,20,,5124,330,,,
310,410,5124,167172104,38.75908,-77.5256814,-109,1763352086472,6.7,4.3137792E-16,-2000.0,LTE,20,,5124,330,,,
310,410,5124,167172104,38.75908,-77.5256814,-109,1763352086472,6.7,4.3137792E-16,-2000.0,LTE,20,,5124,330,,,
310,410,5124,167172104,38.75908,-77.5256814,-109,1763352086472,6.7,4.3137792E-16,-2000.0,LTE,20,,5124,330,,,
310,410,5124,167172104,38.75908,-77.5256814,-109,1763352087468,6.9,4.3137792E-16,-2000.0,LTE,20,,5124,330,,,
310,410,5124,167172104,38.75908,-77.5256814,-107,1763352091483,6.8,4.3137792E-16,-2000.0,LTE,20,,5124,330,,,
310,410,5124,167172104,38.75908,-77.5256814,-107,1763352091483,6.8,4.3137792E-16,-2000.0,LTE,20,,5124,330,,,
310,410,5124,167172104,38.75908,-77.5256814,-107,1763352091483,6.8,4.3137792E-16,-2000.0,LTE,20,,5124,330,,,
310,410,5124,167172104,38.75908,-77.5256814,-107,1763352092468,6.4,4.3137792E-16,-2000.0,LTE,20,,5124,330,,,
310,410,5124,167172104,38.75908,-77.5256814,-107,1763352096485,6.0,4.3137792E-16,-2000.0,LTE,20,,5124,330,,,
310,410,5124,167172104,38.75908,-77.5256814,-107,1763352096485,6.0,4.3137792E-16,-2000.0,LTE,20,,5124,330,,,
310,410,5124,167172104,38.75908,-77.5256814,-107,1763352096485,6.0,4.3137792E-16,-2000.0,LTE,20,,5124,330,,,
310,410,5124,167172104,38.75908,-77.5256814,-107,1763352097480,6.0,4.3137792E-16,-2000.0,LTE,20,,5124,330,,,
310,410,5124,167172104,38.75908,-77.5256814,-105,1763352101473,6.1,4.3137792E-16,-2000.0,LTE,20,,5124,330,,,
310,410,5124,167172104,38.75908,-77.5256814,-105,1763352101473,6.1,4.3137792E-16,-2000.0,LTE,20,,5124,330,,,
310,410,5124,167172104,38.75908,-77.5256814,-105,1763352101473,6.1,4.3137792E-16,-2000.0,LTE,20,,5124,330,,,
310,410,5124,167172104,38.75908,-77.5256814,-104,1763352102479,6.1,4.3137792E-16,-2000.0,LTE,20,,5124,330,,,
310,410,5124,167172104,38.75908,-77.5256814,-104,1763352106469,6.0,4.3137792E-16,-2000.0,LTE,20,,5124,330,,,
310,410,5124,167172104,38.75908,-77.5256814,-104,1763352106469,6.0,4.3137792E-16,-2000.0,LTE,20,,5124,330,,,
310,410,5124,167172104,38.75908,-77.5256814,-104,1763352106469,6.0,4.3137792E-16,-2000.0,LTE,20,,5124,330,,,
310,410,5124,167172104,38.75908,-77.5256814,-104,1763352107480,6.0,4.3137792E-16,-2000.0,LTE,20,,5124,330,,,
310,410,5124,167172104,38.75908,-77.5256814,-104,1763352111474,6.1,4.3137792E-16,-2000.0,LTE,20,,5124,330,,,
310,410,5124,167172104,38.75908,-77.5256814,-104,1763352111474,6.1,4.3137792E-16,-2000.0,LTE,20,,5124,330,,,
310,410,5124,167172104,38.75908,-77.5256814,-104,1763352111474,6.1,4.3137792E-16,-2000.0,LTE,20,,5124,330,,,
310,410,5124,167172104,38.75908,-77.5256814,-105,1763352112471,6.1,4.3137792E-16,-2000.0,LTE,20,,5124,330,,,
310,410,5124,167172104,38.75908,-77.5256814,-105,1763352116482,6.0,4.3137792E-16,-2000.0,LTE,20,,5124,330,,,
310,410,5124,167172104,38.75908,-77.5256814,-105,1763352116482,6.0,4.3137792E-16,-2000.0,LTE,20,,5124,330,,,
310,410,5124,167172104,38.75908,-77.5256814,-105,1763352116482,6.0,4.3137792E-16,-2000.0,LTE,20,,5124,330,,,
310,410,5124,167172104,38.75908,-77.5256814,-105,1763352117470,6.0,4.3137792E-16,-2000.0,LTE,20,,5124,330,,,
310,410,5124,167172104,38.75908,-77.5256814,-105,1763352121471,6.0,4.3137792E-16,-2000.0,LTE,20,,5124,330,,,
310,410,5124,167172104,38.75908,-77.5256814,-105,1763352121471,6.0,4.3137792E-16,-2000.0,LTE,20,,5124,330,,,
310,410,5124,167172104,38.75908,-77.5256814,-105,1763352121471,6.0,4.3137792E-16,-2000.0,LTE,20,,5124,330,,,
310,410,5124,167172104,38.75908,-77.5256814,-106,1763352122467,6.0,4.3137792E-16,-2000.0,LTE,20,,5124,330,,,
310,410,5124,167172104,38.75908,-77.5256814,-109,1763352126469,6.0,4.3137792E-16,-2000.0,LTE,20,,5124,330,,,
310,410,5124,167172104,38.75908,-77.5256814,-109,1763352126469,6.0,4.3137792E-16,-2000.0,LTE,20,,5124,330,,,
310,410,5124,167172104,38.75908,-77.5256814,-109,1763352126469,6.0,4.3137792E-16,-2000.0,LTE,20,,5124,330,,,
310,410,5124,167172104,38.75908,-77.5256814,-109,1763352127470,6.0,4.3137792E-16,-2000.0,LTE,20,,5124,330,,,
310,410,5124,167172104,38.75908,-77.5256814,-109,1763352131475,6.2,4.3137792E-16,-2000.0,LTE,20,,5124,330,,,
310,410,5124,167172104,38.75908,-77.5256814,-109,1763352131475,6.2,4.3137792E-16,-2000.0,LTE,20,,5124,330,,,
310,410,5124,167172104,38.75908,-77.5256814,-109,1763352131475,6.2,4.3137792E-16,-2000.0,LTE,20,,5124,330,,,
310,410,5124,167172104,38.75908,-77.5256814,-108,1763352132471,6.2,4.3137792E-16,-2000.0,LTE,20,,5124,330,,,
310,410,5124,167172104,38.75908,-77.5256814,-108,1763352136473,6.1,4.3137792E-16,-2000.0,LTE,20,,5124,330,,,
310,410,5124,167172104,38.75908,-77.5256814,-108,1763352136473,6.1,4.3137792E-16,-2000.0,LTE,20,,5124,330,,,
310,410,5124,167172104,38.75908,-77.5256814,-108,1763352136473,6.1,4.3137792E-16,-2000.0,LTE,20,,5124,330,,,
310,410,5124,167172104,38.75908,-77.5256814,-108,1763352137469,6.1,4.3137792E-16,-2000.0,LTE,20,,5124,330,,,
310,410,5124,167172104,38.75908,-77.5256814,-101,1763352141468,6.0,4.3137792E-16,-2000.0,LTE,20,,5124,330,,,
310,410,5124,167172104,38.75908,-77.5256814,-101,1763352141468,6.0,4.3137792E-16,-2000.0,LTE,20,,5124,330,,,
310,410,5124,167172104,38.75908,-77.5256814,-101,1763352141468,6.0,4.3137792E-16,-2000.0,LTE,20,,5124,330,,,
310,410,5124,167172104,38.75908,-77.5256814,-101,1763352142470,6.0,4.3137792E-16,-2000.0,LTE,20,,5124,330,,,
310,410,5124,167172104,38.759049,-77.5256233,-103,1763352146468,6.0,0.20264724,124.39913,LTE,20,,5124,330,,,
310,410,5124,167172104,38.759049,-77.5256233,-103,1763352146468,6.0,0.20264724,124.39913,LTE,20,,5124,330,,,
310,410,5124,167172104,38.759049,-77.5256233,-103,1763352146468,6.0,0.20264724,124.39913,LTE,20,,5124,330,,,
310,410,5124,167172104,38.7590492,-77.5256237,-103,1763352147470,6.0,0.05692416,-2000.0,LTE,20,,5124,330,,,
310,410,5124,167172104,38.7590493,-77.5256239,-103,1763352151311,6.2,1.3052432E-5,-2000.0,LTE,20,,5124,330,,,
310,410,5124,167172104,38.7590493,-77.5256239,-103,1763352151311,6.2,1.3052432E-5,-2000.0,LTE,20,,5124,330,,,
310,410,5124,167172104,38.7590493,-77.5256239,-103,1763352151311,6.2,1.3052432E-5,-2000.0,LTE,20,,5124,330,,,
310,410,5124,167172104,38.7590493,-77.5256239,-104,1763352152481,6.2,3.9790208E-5,-2000.0,LTE,20,,5124,330,,,
310,410,5124,167172104,38.7590493,-77.5256239,-104,1763352156471,6.0,5.4229906E-7,-2000.0,LTE,20,,5124,330,,,
310,410,5124,167172104,38.7590493,-77.5256239,-104,1763352156471,6.0,5.4229906E-7,-2000.0,LTE,20,,5124,330,,,
310,410,5124,167172104,38.7590493,-77.5256239,-104,1763352156471,6.0,5.4229906E-7,-2000.0,LTE,20,,5124,330,,,
310,410,5124,167172104,38.7590493,-77.5256239,-104,1763352157469,6.0,1.3019404E-7,-2000.0,LTE,20,,5124,330,,,
310,410,5124,167172104,38.7590493,-77.5256239,-104,1763352161472,6.1,2.466106E-10,-2000.0,LTE,20,,5124,330,,,
310,410,5124,167172104,38.7590493,-77.5256239,-104,1763352161472,6.1,2.466106E-10,-2000.0,LTE,20,,5124,330,,,
310,410,5124,167172104,38.7590493,-77.5256239,-104,1763352161472,6.1,2.466106E-10,-2000.0,LTE,20,,5124,330,,,
310,410,5124,167172104,38.7590493,-77.5256239,-105,1763352162469,6.1,1.1738134E-10,-2000.0,LTE,20,,5124,330,,,
310,410,5124,167172104,38.7590493,-77.5256239,-107,1763352166471,6.0,9.370051E-13,-2000.0,LTE,20,,5124,330,,,
310,410,5124,167172104,38.7590493,-77.5256239,-107,1763352166471,6.0,9.370051E-13,-2000.0,LTE,20,,5124,330,,,
310,410,5124,167172104,38.7590493,-77.5256239,-107,1763352166471,6.0,9.370051E-13,-2000.0,LTE,20,,5124,330,,,
310,410,5124,167172104,38.7590493,-77.5256239,-107,1763352167475,6.1,1.7246642E-13,-2000.0,LTE,20,,5124,330,,,
310,410,5124,167172104,38.7590493,-77.5256239,-107,1763352171475,6.1,6.720676E-16,-2000.0,LTE,20,,5124,330,,,
310,410,5124,167172104,38.7590493,-77.5256239,-107,1763352171475,6.1,6.720676E-16,-2000.0,LTE,20,,5124,330,,,
310,410,5124,167172104,38.7590493,-77.5256239,-107,1763352171475,6.1,6.720676E-16,-2000.0,LTE,20,,5124,330,,,
310,410,5124,167172104,38.7590493,-77.5256239,-105,1763352172467,6.0,6.720676E-16,-2000.0,LTE,20,,5124,330,,,
310,410,5124,167172104,38.7590493,-77.5256239,-97,1763352176476,6.0,6.6594254E-16,-2000.0,LTE,20,,5124,330,,,
310,410,5124,167172104,38.7590493,-77.5256239,-97,1763352176476,6.0,6.6594254E-16,-2000.0,LTE,20,,5124,330,,,
310,410,5124,167172104,38.7590493,-77.5256239,-97,1763352176476,6.0,6.6594254E-16,-2000.0,LTE,20,,5124,330,,,
310,410,5124,167172104,38.7590493,-77.5256239,-97,1763352177472,6.0,6.6594254E-16,-2000.0,LTE,20,,5124,330,,,
310,410,5124,167172104,38.7590493,-77.5256239,-97,1763352181471,6.3,6.6594254E-16,-2000.0,LTE,20,,5124,330,,,
310,410,5124,167172104,38.7590493,-77.5256239,-97,1763352181471,6.3,6.6594254E-16,-2000.0,LTE,20,,5124,330,,,
310,410,5124,167172104,38.7590493,-77.5256239,-97,1763352181471,6.3,6.6594254E-16,-2000.0,LTE,20,,5124,330,,,
310,410,5124,167172104,38.7590493,-77.5256239,-97,1763352182084,6.8,6.6594254E-16,-2000.0,LTE,20,,5124,330,,,
310,410,5124,167172104,38.7590493,-77.5256239,-97,1763352186472,8.2,6.6594254E-16,-2000.0,LTE,20,,5124,330,,,
310,410,5124,167172104,38.7590493,-77.5256239,-97,1763352186472,8.2,6.6594254E-16,-2000.0,LTE,20,,5124,330,,,
310,410,5124,167172104,38.7590493,-77.5256239,-97,1763352186472,8.2,6.6594254E-16,-2000.0,LTE,20,,5124,330,,,
310,410,5124,167172104,38.7590493,-77.5256239,-97,1763352187472,8.0,6.6594254E-16,-2000.0,LTE,20,,5124,330,,,
310,410,5124,167172104,38.7590493,-77.5256239,-99,1763352191468,6.9,6.6594254E-16,-2000.0,LTE,20,,5124,330,,,
310,410,5124,167172104,38.7590493,-77.5256239,-99,1763352191468,6.9,6.6594254E-16,-2000.0,LTE,20,,5124,330,,,
310,410,5124,167172104,38.7590493,-77.5256239,-99,1763352191468,6.9,6.6594254E-16,-2000.0,LTE,20,,5124,330,,,
310,410,5124,167172104,38.7590493,-77.5256239,-99,1763352192463,6.6,6.6594254E-16,-2000.0,LTE,20,,5124,330,,,
310,410,5124,167172104,38.7590493,-77.5256239,-99,1763352196471,7.6,6.6594254E-16,-2000.0,LTE,20,,5124,330,,,
310,410,5124,167172104,38.7590493,-77.5256239,-99,1763352196471,7.6,6.6594254E-16,-2000.0,LTE,20,,5124,330,,,
310,410,5124,167172104,38.7590493,-77.5256239,-99,1763352196471,7.6,6.6594254E-16,-2000.0,LTE,20,,5124,330,,,
310,410,5124,167172104,38.7590493,-77.5256239,-99,1763352197469,8.0,6.6594254E-16,-2000.0,LTE,20,,5124,330,,,
310,410,5124,167172104,38.7590493,-77.5256239,-99,1763352201472,8.0,6.6594254E-16,-2000.0,LTE,20,,5124,330,,,
310,410,5124,167172104,38.7590493,-77.5256239,-99,1763352201472,8.0,6.6594254E-16,-2000.0,LTE,20,,5124,330,,,
310,410,5124,167172104,38.7590493,-77.5256239,-99,1763352201472,8.0,6.6594254E-16,-2000.0,LTE,20,,5124,330,,,
310,410,5124,167172104,38.7590493,-77.5256239,-99,1763352202473,8.0,6.6594254E-16,-2000.0,LTE,20,,5124,330,,,
310,410,5384,167697931,38.8295594,-77.3131382,-83,1763389336486,8.7,0.0,-2000.0,LTE,8,,5384,182,,,
310,410,5384,167697931,38.8295457,-77.3131548,-82,1763389341417,6.0,0.0,-2000.0,LTE,8,,5384,182,,,
310,410,5384,167697931,38.8295419,-77.3131704,-84,1763389346422,6.0,0.0,-2000.0,LTE,8,,5384,182,,,
310,410,5384,167697931,38.8295302,-77.3131587,-85,1763389351419,6.0,0.0,-2000.0,LTE,8,,5384,182,,,
310,410,5384,167697931,38.8295303,-77.3131803,-77,1763389356429,5.2,0.0,-2000.0,LTE,8,,5384,182,,,
310,410,5384,167697931,38.8295303,-77.3131803,-83,1763389361429,4.0,0.0,-2000.0,LTE,8,,5384,182,,,
310,410,5384,167697931,38.8295303,-77.3131803,-87,1763389366417,4.0,0.0,-2000.0,LTE,8,,5384,182,,,
310,410,5384,167697931,38.8295303,-77.3131803,-91,1763389371412,4.3,0.0,-2000.0,LTE,8,,5384,182,,,
310,410,5384,167697931,38.8295303,-77.3131803,-92,1763389376413,6.0,0.0,-2000.0,LTE,8,,5384,182,,,
310,410,5384,167697931,38.8295303,-77.3131803,-92,1763389381432,6.0,0.0,-2000.0,LTE,8,,5384,182,,,
310,410,5384,167697931,38.8295303,-77.3131803,-92,1763389386420,6.0,0.0,-2000.0,LTE,8,,5384,182,,,
310,410,5384,167697931,38.8295303,-77.3131803,-92,1763389391409,6.0,0.0,-2000.0,LTE,8,,5384,182,,,
310,410,5384,167697931,38.8295303,-77.3131803,-94,1763389396410,6.0,0.0,-2000.0,LTE,8,,5384,182,,,
310,410,5384,167697931,38.8295303,-77.3131803,-94,1763389401426,6.0,0.0,-2000.0,LTE,8,,5384,182,,,
310,410,5384,167697931,38.8295303,-77.3131803,-92,1763389406422,6.0,0.0,-2000.0,LTE,8,,5384,182,,,
310,410,5384,167698144,38.8299211,-77.3108935,-84,1763401935436,14.7,1.0514772,74.47479,LTE,6,,5384,182,,,
310,410,5384,167698144,38.8299111,-77.310933,-86,1763401940038,11.5,0.9730519,254.1549,LTE,6,,5384,182,,,
310,410,5384,167698144,38.8299016,-77.3109934,-85,1763401944635,8.8,0.939416,244.10529,LTE,6,,5384,182,,,
310,410,5384,167698144,38.829892,-77.3109876,-84,1763401949623,6.1,0.25269833,253.35924,LTE,6,,5384,182,,,
310,410,5384,167698144,38.8298942,-77.3109856,-85,1763401954536,3.0,0.07844613,-2000.0,LTE,6,,5384,182,,,
310,410,5384,167698144,38.8298944,-77.3109922,-87,1763401958034,3.0,0.4258354,341.65866,LTE,6,,5384,182,,,
310,410,5384,167698144,38.8298959,-77.3109998,-87,1763401959135,3.2,0.68929464,304.31378,LTE,6,,5384,182,,,
310,410,5384,167698144,38.8298787,-77.3110664,-85,1763401962554,4.3,1.1205186,253.08133,LTE,6,,5384,182,,,
310,410,5384,167698144,38.829871,-77.3110888,-86,1763401963639,4.4,1.1538372,252.19965,LTE,6,,5384,182,,,
310,410,5384,167698144,38.8298513,-77.3111429,-86,1763401967197,3.5,1.1428193,256.2719,LTE,6,,5384,182,,,
310,410,5384,167698144,38.8298444,-77.311159,-86,1763401968217,3.3,1.1924813,254.51721,LTE,6,,5384,182,,,
310,410,5384,167698144,38.8298129,-77.3112164,-83,1763401972237,3.1,1.1714202,239.4594,LTE,6,,5384,182,,,
310,410,5384,167698144,38.8298002,-77.3112268,-83,1763401973217,3.1,1.2074661,233.09392,LTE,6,,5384,182,,,
310,410,5384,167698144,38.8297497,-77.3112532,-86,1763401977155,3.1,1.2235669,218.78358,LTE,6,,5384,182,,,
310,410,5384,167698144,38.8297369,-77.3112609,-87,1763401978258,3.1,1.2518225,219.04874,LTE,6,,5384,182,,,
310,410,5384,167698144,38.8296916,-77.3112854,-84,1763401982157,3.1,1.1783707,230.24167,LTE,6,,5384,182,,,
310,410,5384,167698144,38.8296805,-77.3112944,-84,1763401983216,3.1,1.2194353,231.3993,LTE,6,,5384,182,,,
310,410,5384,167698144,38.8296447,-77.3113367,-86,1763401987036,3.0,1.3075,218.22028,LTE,6,,5384,182,,,
310,410,5384,167698144,38.8296279,-77.311353,-86,1763401988644,3.0,1.3871269,247.6977,LTE,6,,5384,182,,,
310,410,5384,167698144,38.8296042,-77.3113929,-86,1763401991638,3.0,1.4206524,243.49927,LTE,6,,5384,182,,,
310,410,5384,167698144,38.8295932,-77.3114225,-86,1763401993536,3.2,1.42398,251.5983,LTE,6,,5384,182,,,
310,410,5384,167698144,38.8295748,-77.3114597,-86,1763401996176,3.5,1.4079398,220.94351,LTE,6,,5384,182,,,
310,410,5384,167698144,38.8295524,-77.311482,-86,1763401998415,3.6,1.4252983,223.26546,LTE,6,,5384,182,,,
310,410,5384,167698144,38.8295269,-77.3115041,-84,1763402001035,3.5,1.3947273,226.61588,LTE,6,,5384,182,,,
310,410,5384,167698144,38.8295185,-77.3115365,-84,1763402003376,3.2,1.4379789,277.08527,LTE,6,,5384,182,,,
310,410,5384,167698144,38.8295298,-77.3115752,-85,1763402005639,3.1,1.5256145,286.79843,LTE,6,,5384,182,,,
310,410,5384,167698144,38.8295392,-77.3116267,-85,1763402008316,3.4,1.5475278,279.43564,LTE,6,,5384,182,,,
310,410,5384,167698144,38.8295423,-77.3116621,-86,1763402010275,3.6,1.5323662,277.34253,LTE,6,,5384,182,,,
310,410,5384,167698144,38.8295293,-77.3117067,-86,1763402012817,3.4,1.5372411,243.03009,LTE,6,,5384,182,,,
310,410,5384,167698144,38.8295057,-77.3117344,-89,1763402014896,3.1,1.5484395,235.11461,LTE,6,,5384,182,,,
310,410,5384,167698144,38.829478,-77.3117672,-85,1763402017497,3.1,1.5253661,241.4935,LTE,6,,5384,182,,,
310,410,5384,167698144,38.8294625,-77.3117981,-88,1763402019634,3.2,1.4055252,228.95761,LTE,6,,5384,182,,,
310,410,5384,167698144,38.8294464,-77.3118251,-90,1763402022154,3.1,1.2734023,237.22612,LTE,6,,5384,182,,,
310,410,5384,167698144,38.8294372,-77.3118579,-87,1763402024623,3.1,1.2940953,250.65326,LTE,6,,5384,182,,,
310,410,5384,167698144,38.8294302,-77.3118925,-88,1763402026906,3.1,1.2833991,262.77734,LTE,6,,5384,182,,,
310,410,5384,167698144,38.8294251,-77.3119285,-86,1763402029147,3.1,1.363918,273.2039,LTE,6,,5384,182,,,
310,410,5384,167698144,38.8294258,-77.3119716,-84,1763402031637,3.2,1.3488173,271.48752,LTE,6,,5384,182,,,
310,410,5384,167698144,38.8294212,-77.3120095,-82,1763402033649,3.5,1.3497877,265.32986,LTE,6,,5384,182,,,
310,410,5384,167698144,38.8294161,-77.3120648,-87,1763402036484,3.5,1.3261569,260.11398,LTE,6,,5384,182,,,
310,410,5384,167698144,38.8294077,-77.3121013,-82,1763402038545,3.4,1.3948499,263.4717,LTE,6,,5384,182,,,
310,410,5384,167698144,38.8294005,-77.3121461,-84,1763402041369,3.5,1.393513,275.1576,LTE,6,,5384,182,,,
310,410,5384,167698144,38.8294033,-77.3121804,-87,1763402043506,3.4,1.3764426,271.60065,LTE,6,,5384,182,,,
310,410,5384,167698144,38.8294144,-77.3122239,-83,1763402046144,3.1,1.3485476,292.51895,LTE,6,,5384,182,,,
310,410,5384,167698144,38.8294218,-77.312264,-83,1763402048307,3.1,1.4177899,275.65622,LTE,6,,5384,182,,,
310,410,5384,167698144,38.8294218,-77.3123092,-83,1763402051003,3.1,1.3755034,264.06436,LTE,6,,5384,182,,,
310,410,5384,167698144,38.8294196,-77.3123417,-78,1763402053245,3.1,1.3409089,263.48593,LTE,6,,5384,182,,,
310,410,5384,167698144,38.8294216,-77.3123746,-80,1763402055648,3.2,1.339834,244.12123,LTE,6,,5384,182,,,
310,410,5384,167698144,38.8294256,-77.3124073,-81,1763402058148,3.2,1.3389322,274.11127,LTE,6,,5384,182,,,
310,410,5384,167698144,38.829438,-77.3124397,-81,1763402060424,3.1,1.3126411,284.51523,LTE,6,,5384,182,,,
310,410,5384,167698144,38.8294505,-77.312473,-79,1763402062663,3.0,1.3319074,285.45212,LTE,6,,5384,182,,,
310,410,5384,167698144,38.8294601,-77.3125143,-82,1763402065384,3.0,1.3267097,282.43076,LTE,6,,5384,182,,,
310,410,5384,167698144,38.8294696,-77.3125498,-82,1763402067602,3.1,1.3678933,290.886,LTE,6,,5384,182,,,
310,410,5384,167698144,38.8294788,-77.3125914,-79,1763402070283,3.1,1.3751216,282.2945,LTE,6,,5384,182,,,
310,410,5384,167698144,38.8294842,-77.3126284,-79,1763402072545,3.1,1.3691936,282.0202,LTE,6,,5384,182,,,
310,410,5384,167698144,38.8294938,-77.3126707,-79,1763402075281,3.1,1.3656313,287.05817,LTE,6,,5384,182,,,
310,410,5384,167698144,38.829501,-77.3127046,-82,1763402077443,3.1,1.3853616,287.29352,LTE,6,,5384,182,,,
310,410,5384,167698144,38.8294965,-77.312747,-80,1763402080201,3.1,1.3592354,273.57593,LTE,6,,5384,182,,,
310,410,5384,167698144,38.8295024,-77.3127852,-81,1763402082464,3.1,1.371826,281.90775,LTE,6,,5384,182,,,
310,410,5384,167698144,38.8295116,-77.3128293,-79,1763402085448,3.1,1.307563,277.33835,LTE,6,,5384,182,,,
310,410,5384,167698144,38.829518,-77.3128493,-79,1763402087286,3.1,1.2349066,306.65698,LTE,6,,5384,182,,,
310,410,5384,167698144,38.8295334,-77.3128837,-79,1763402090640,3.0,1.2195035,291.96948,LTE,6,,5384,182,,,
310,410,5384,167698144,38.8295347,-77.3129094,-76,1763402092306,3.1,1.2065108,293.82864,LTE,6,,5384,182,,,
310,410,5384,167698144,38.829535,-77.312958,-76,1763402095426,3.2,1.2937548,279.82642,LTE,6,,5384,182,,,
310,410,5384,167698144,38.829534,-77.3129834,-76,1763402097123,3.2,1.2771958,275.4778,LTE,6,,5384,182,,,
310,410,5384,167698144,38.8295338,-77.3130251,-74,1763402100362,3.1,1.2085087,276.76282,LTE,6,,5384,182,,,
310,410,5384,167698144,38.8295334,-77.3130474,-74,1763402102109,3.1,1.2292944,284.68784,LTE,6,,5384,182,,,
310,410,5384,167698144,38.8295426,-77.3130871,-78,1763402105363,3.1,1.1878635,292.45984,LTE,6,,5384,182,,,
310,410,5384,167698144,38.8295418,-77.313104,-78,1763402106623,3.1,1.22891,273.66086,LTE,6,,5384,182,,,
310,410,5384,167698144,38.8295155,-77.3131386,-82,1763402109865,3.0,1.188386,176.29065,LTE,6,,5384,182,,,
310,410,5384,167698144,38.8295093,-77.3131361,-84,1763402111148,3.0,0.8555839,163.08694,LTE,6,,5384,182,,,
310,410,5384,167698144,38.8295126,-77.3131401,-83,1763402114619,3.0,0.17676513,113.98745,LTE,6,,5384,182,,,
310,410,5384,167698144,38.8295146,-77.313142,-80,1763402116639,3.0,0.1405287,67.75782,LTE,6,,5384,182,,,
310,410,5384,167698144,38.8295179,-77.3131464,-78,1763402119626,3.0,0.1308958,79.74139,LTE,6,,5384,182,,,
310,410,5384,167698144,38.82952,-77.3131471,-83,1763402121429,3.0,0.102949575,90.26605,LTE,6,,5384,182,,,
310,410,5384,167698144,38.8295218,-77.3131468,-86,1763402124201,3.0,0.15126447,130.76134,LTE,6,,5384,182,,,
310,410,5384,167698144,38.8295217,-77.3131489,-83,1763402126189,3.0,0.16789691,84.01878,LTE,6,,5384,182,,,
310,410,5384,167698144,38.8295215,-77.3131548,-78,1763402129635,3.0,0.09228362,-2000.0,LTE,6,,5384,182,,,
310,410,5384,167698144,38.8295223,-77.3131585,-77,1763402131625,3.0,0.07435968,-2000.0,LTE,6,,5384,182,,,
310,410,5384,167698144,38.8295221,-77.3131602,-83,1763402134620,3.0,0.02294994,-2000.0,LTE,6,,5384,182,,,
310,410,5384,167698144,38.8295233,-77.313161,-73,1763402136638,3.0,0.071436785,-2000.0,LTE,6,,5384,182,,,
310,410,5384,167698144,38.8295258,-77.3131604,-84,1763402139632,3.0,0.025626676,-2000.0,LTE,6,,5384,182,,,
310,410,5384,167698144,38.8295264,-77.313161,-72,1763402140638,3.0,0.06061915,-2000.0,LTE,6,,5384,182,,,
310,410,5384,167698144,38.8295264,-77.3131618,-72,1763402141628,3.0,0.06770893,-2000.0,LTE,6,,5384,182,,,
310,410,5384,167698144,38.8295272,-77.3131635,-74,1763402144623,3.0,0.0202258,-2000.0,LTE,6,,5384,182,,,
310,410,5384,167698144,38.8295281,-77.3131684,-74,1763402145626,3.5,0.031241413,-2000.0,LTE,6,,5384,182,,,
310,410,5384,167698144,38.8295275,-77.3131698,-73,1763402146614,4.0,0.011735744,-2000.0,LTE,6,,5384,182,,,
310,410,5384,167698144,38.8295241,-77.3131695,-72,1763402149638,5.6,0.010866741,-2000.0,LTE,6,,5384,182,,,
310,410,5384,167698144,38.8295223,-77.3131703,-75,1763402150641,5.2,0.012000617,-2000.0,LTE,6,,5384,182,,,
310,410,5384,167698144,38.8295203,-77.3131698,-75,1763402151636,4.8,0.017806806,-2000.0,LTE,6,,5384,182,,,
